seed lambda k value exec_time
135  0.01 1 2276.38 709.0
135  0.01 3 2273.73 479.0
135  0.01 5 2290.05 428.0
135  0.01 10 2282.27 287.0
135  0.01 15 2331.45 245.0
135  0.01 20 2299.95 343.0
135  0.01 30 2299.23 270.0
135  0.001 1 2277.73 295.0
135  0.001 3 2271.83 288.0
135  0.001 5 2260.91 298.0
135  0.001 10 2270.44 279.0
135  0.001 15 2271.21 309.0
135  0.001 20 2244.61 332.0
135  0.001 30 2255.22 327.0
135  1.0E-4 1 2266.12 299.0
135  1.0E-4 3 2266.74 94.0
135  1.0E-4 5 2250.93 115.0
135  1.0E-4 10 2318.59 118.0
135  1.0E-4 15 2356.31 131.0
135  1.0E-4 20 2404.37 85.0
135  1.0E-4 30 2526.93 70.0
260  0.01 1 2397.66 118.0
260  0.01 3 2422.1 71.0
260  0.01 5 2399.72 71.0
260  0.01 10 2394.06 77.0
260  0.01 15 2395.49 69.0
260  0.01 20 2405.7 79.0
260  0.01 30 2397.15 72.0
260  0.001 1 2407.18 74.0
260  0.001 3 2375.77 71.0
260  0.001 5 2376.89 69.0
260  0.001 10 2407.32 69.0
260  0.001 15 2411.32 66.0
260  0.001 20 2380.62 80.0
260  0.001 30 2414.18 98.0
260  1.0E-4 1 2380.03 98.0
260  1.0E-4 3 2386.22 68.0
260  1.0E-4 5 2401.4 80.0
260  1.0E-4 10 2446.66 67.0
260  1.0E-4 15 2509.06 66.0
260  1.0E-4 20 2530.29 67.0
260  1.0E-4 30 2661.43 65.0
261  0.01 1 2214.24 76.0
261  0.01 3 2189.4 73.0
261  0.01 5 2168.69 75.0
261  0.01 10 2191.65 78.0
261  0.01 15 2204.06 72.0
261  0.01 20 2190.24 72.0
261  0.01 30 2172.13 71.0
261  0.001 1 2204.18 69.0
261  0.001 3 2184.93 73.0
261  0.001 5 2223.06 68.0
261  0.001 10 2201.34 68.0
261  0.001 15 2178.59 75.0
261  0.001 20 2177.85 70.0
261  0.001 30 2184.15 68.0
261  1.0E-4 1 2202.95 66.0
261  1.0E-4 3 2186.96 77.0
261  1.0E-4 5 2176.23 68.0
261  1.0E-4 10 2261.82 66.0
261  1.0E-4 15 2327.85 70.0
261  1.0E-4 20 2347.03 83.0
261  1.0E-4 30 2430.46 67.0
8  0.01 1 2271.55 68.0
8  0.01 3 2236.86 77.0
8  0.01 5 2248.76 69.0
8  0.01 10 2259.68 70.0
8  0.01 15 2275.4 71.0
8  0.01 20 2268.66 71.0
8  0.01 30 2249.72 80.0
8  0.001 1 2261.23 71.0
8  0.001 3 2251.71 75.0
8  0.001 5 2275.49 69.0
8  0.001 10 2285.25 67.0
8  0.001 15 2246.19 77.0
8  0.001 20 2244.44 66.0
8  0.001 30 2266.99 68.0
8  1.0E-4 1 2264.37 69.0
8  1.0E-4 3 2288.21 71.0
8  1.0E-4 5 2267.08 83.0
8  1.0E-4 10 2286.15 81.0
8  1.0E-4 15 2327.54 83.0
8  1.0E-4 20 2407.23 75.0
8  1.0E-4 30 2477.48 66.0
108  0.01 1 2742.3 68.0
108  0.01 3 2743.02 70.0
108  0.01 5 2725.09 73.0
108  0.01 10 2695.87 74.0
108  0.01 15 2723.22 84.0
108  0.01 20 2710.99 71.0
108  0.01 30 2728.92 76.0
108  0.001 1 2743.72 69.0
108  0.001 3 2719.87 75.0
108  0.001 5 2703.37 73.0
108  0.001 10 2723.69 68.0
108  0.001 15 2724.05 71.0
108  0.001 20 2726.78 68.0
108  0.001 30 2745.07 69.0
108  1.0E-4 1 2748.86 65.0
108  1.0E-4 3 2720.13 68.0
108  1.0E-4 5 2717.96 73.0
108  1.0E-4 10 2777.96 75.0
108  1.0E-4 15 2835.91 68.0
108  1.0E-4 20 2952.6 70.0
108  1.0E-4 30 2979.33 73.0
166  0.01 1 2327.9 72.0
166  0.01 3 2320.13 70.0
166  0.01 5 2304.9 74.0
166  0.01 10 2310.44 70.0
166  0.01 15 2360.56 70.0
166  0.01 20 2303.87 70.0
166  0.01 30 2313.08 71.0
166  0.001 1 2352.09 71.0
166  0.001 3 2315.56 70.0
166  0.001 5 2338.02 77.0
166  0.001 10 2323.96 68.0
166  0.001 15 2319.65 69.0
166  0.001 20 2300.25 72.0
166  0.001 30 2297.14 70.0
166  1.0E-4 1 2331.14 70.0
166  1.0E-4 3 2331.29 67.0
166  1.0E-4 5 2329.29 67.0
166  1.0E-4 10 2332.19 68.0
166  1.0E-4 15 2375.12 68.0
166  1.0E-4 20 2490.76 70.0
166  1.0E-4 30 2530.64 67.0
266  0.01 1 2400.52 77.0
266  0.01 3 2426.45 73.0
266  0.01 5 2460.08 68.0
266  0.01 10 2410.92 71.0
266  0.01 15 2449.01 70.0
266  0.01 20 2429.65 79.0
266  0.01 30 2426.64 73.0
266  0.001 1 2427.36 72.0
266  0.001 3 2447.62 69.0
266  0.001 5 2415.04 69.0
266  0.001 10 2408.31 72.0
266  0.001 15 2430.02 69.0
266  0.001 20 2401.51 72.0
266  0.001 30 2377.8 79.0
266  1.0E-4 1 2415.18 70.0
266  1.0E-4 3 2388.67 74.0
266  1.0E-4 5 2418.06 68.0
266  1.0E-4 10 2465.04 70.0
266  1.0E-4 15 2570.14 71.0
266  1.0E-4 20 2628.65 104.0
266  1.0E-4 30 2697.82 68.0
29  0.01 1 2179.2 72.0
29  0.01 3 2168.86 71.0
29  0.01 5 2164.64 69.0
29  0.01 10 2195.15 73.0
29  0.01 15 2188.69 68.0
29  0.01 20 2150.59 69.0
29  0.01 30 2192.33 76.0
29  0.001 1 2171.31 68.0
29  0.001 3 2147.67 70.0
29  0.001 5 2185.01 66.0
29  0.001 10 2147.05 73.0
29  0.001 15 2166.55 67.0
29  0.001 20 2175.69 67.0
29  0.001 30 2164.17 77.0
29  1.0E-4 1 2169.28 66.0
29  1.0E-4 3 2164.45 68.0
29  1.0E-4 5 2189.49 66.0
29  1.0E-4 10 2217.14 66.0
29  1.0E-4 15 2284.82 67.0
29  1.0E-4 20 2315.77 66.0
29  1.0E-4 30 2375.68 70.0
209  0.01 1 2303.15 75.0
209  0.01 3 2289.27 68.0
209  0.01 5 2319.21 71.0
209  0.01 10 2319.6 72.0
209  0.01 15 2273.56 68.0
209  0.01 20 2326.71 74.0
209  0.01 30 2272.93 72.0
209  0.001 1 2305.31 68.0
209  0.001 3 2277.89 66.0
209  0.001 5 2267.61 67.0
209  0.001 10 2288.8 68.0
209  0.001 15 2273.31 83.0
209  0.001 20 2264.83 79.0
209  0.001 30 2276.54 68.0
209  1.0E-4 1 2288.96 66.0
209  1.0E-4 3 2319.41 64.0
209  1.0E-4 5 2301.27 67.0
209  1.0E-4 10 2352.24 66.0
209  1.0E-4 15 2354.27 64.0
209  1.0E-4 20 2373.39 65.0
209  1.0E-4 30 2496.97 72.0
208  0.01 1 2542.51 72.0
208  0.01 3 2517.11 72.0
208  0.01 5 2520.73 72.0
208  0.01 10 2499.52 72.0
208  0.01 15 2529.08 71.0
208  0.01 20 2540.99 76.0
208  0.01 30 2509.31 81.0
208  0.001 1 2513.02 73.0
208  0.001 3 2517.14 73.0
208  0.001 5 2535.65 71.0
208  0.001 10 2529.89 69.0
208  0.001 15 2557.11 68.0
208  0.001 20 2533.07 69.0
208  0.001 30 2500.29 73.0
208  1.0E-4 1 2547.1 68.0
208  1.0E-4 3 2533.27 74.0
208  1.0E-4 5 2503.63 71.0
208  1.0E-4 10 2620.0 67.0
208  1.0E-4 15 2595.66 73.0
208  1.0E-4 20 2631.36 75.0
208  1.0E-4 30 2742.12 71.0