seed lambda k value exec_time
129  1.0 1 2465.19 109.0
129  1.0 5 2487.94 49.0
129  1.0 25 2476.47 35.0
129  1.0 125 2569.79 28.0
129  0.01 1 2108.38 541.0
129  0.01 5 2136.34 500.0
129  0.01 25 2153.98 292.0
129  0.01 125 2146.2 257.0
129  1.0E-4 1 2129.84 140.0
129  1.0E-4 5 2165.56 69.0
129  1.0E-4 25 2373.43 89.0
129  1.0E-4 125 2532.27 65.0
301  1.0 1 2544.41 4.0
301  1.0 5 2516.46 5.0
301  1.0 25 2517.67 6.0
301  1.0 125 2575.47 4.0
301  0.01 1 2208.39 88.0
301  0.01 5 2266.71 96.0
301  0.01 25 2219.69 75.0
301  0.01 125 2210.73 74.0
301  1.0E-4 1 2240.25 65.0
301  1.0E-4 5 2233.98 72.0
301  1.0E-4 25 2428.28 65.0
301  1.0E-4 125 2722.03 68.0
359  1.0 1 2151.59 3.0
359  1.0 5 2234.84 3.0
359  1.0 25 2226.85 4.0
359  1.0 125 2278.91 3.0
359  0.01 1 1822.11 72.0
359  0.01 5 1865.47 90.0
359  0.01 25 1847.12 91.0
359  0.01 125 1820.89 69.0
359  1.0E-4 1 1839.74 65.0
359  1.0E-4 5 1873.48 67.0
359  1.0E-4 25 2106.55 63.0
359  1.0E-4 125 2439.72 78.0
287  1.0 1 2689.95 4.0
287  1.0 5 2680.22 4.0
287  1.0 25 2681.83 4.0
287  1.0 125 2671.87 4.0
287  0.01 1 2294.01 79.0
287  0.01 5 2309.56 71.0
287  0.01 25 2310.85 72.0
287  0.01 125 2328.48 74.0
287  1.0E-4 1 2310.47 76.0
287  1.0E-4 5 2329.11 71.0
287  1.0E-4 25 2567.4 89.0
287  1.0E-4 125 2769.36 94.0
18  1.0 1 2584.46 6.0
18  1.0 5 2613.26 5.0
18  1.0 25 2661.91 6.0
18  1.0 125 2756.96 5.0
18  0.01 1 2333.56 102.0
18  0.01 5 2366.11 81.0
18  0.01 25 2333.53 73.0
18  0.01 125 2322.84 75.0
18  1.0E-4 1 2336.01 68.0
18  1.0E-4 5 2361.23 70.0
18  1.0E-4 25 2502.16 69.0
18  1.0E-4 125 2875.4 70.0
87  1.0 1 2542.72 4.0
87  1.0 5 2563.37 4.0
87  1.0 25 2662.79 4.0
87  1.0 125 2615.29 3.0
87  0.01 1 2279.42 71.0
87  0.01 5 2220.3 74.0
87  0.01 25 2232.17 71.0
87  0.01 125 2263.97 68.0
87  1.0E-4 1 2242.45 71.0
87  1.0E-4 5 2244.07 70.0
87  1.0E-4 25 2436.2 70.0
87  1.0E-4 125 2687.75 70.0
110  1.0 1 2776.96 3.0
110  1.0 5 2672.71 4.0
110  1.0 25 2692.69 4.0
110  1.0 125 2810.18 4.0
110  0.01 1 2422.71 72.0
110  0.01 5 2406.03 76.0
110  0.01 25 2453.45 77.0
110  0.01 125 2464.38 75.0
110  1.0E-4 1 2449.36 70.0
110  1.0E-4 5 2428.67 73.0
110  1.0E-4 25 2585.85 72.0
110  1.0E-4 125 2953.83 72.0
244  1.0 1 2425.8 3.0
244  1.0 5 2455.87 3.0
244  1.0 25 2377.87 4.0
244  1.0 125 2492.79 4.0
244  0.01 1 2102.07 69.0
244  0.01 5 2146.98 71.0
244  0.01 25 2082.67 74.0
244  0.01 125 2128.63 69.0
244  1.0E-4 1 2101.53 64.0
244  1.0E-4 5 2104.13 64.0
244  1.0E-4 25 2360.55 65.0
244  1.0E-4 125 2770.64 66.0
377  1.0 1 2433.3 3.0
377  1.0 5 2411.12 3.0
377  1.0 25 2603.0 4.0
377  1.0 125 2537.84 5.0
377  0.01 1 2171.89 69.0
377  0.01 5 2127.53 73.0
377  0.01 25 2178.81 73.0
377  0.01 125 2133.12 71.0
377  1.0E-4 1 2137.55 67.0
377  1.0E-4 5 2150.5 67.0
377  1.0E-4 25 2374.15 67.0
377  1.0E-4 125 2689.16 67.0
223  1.0 1 2406.85 4.0
223  1.0 5 2302.31 3.0
223  1.0 25 2375.59 3.0
223  1.0 125 2410.48 3.0
223  0.01 1 1949.77 71.0
223  0.01 5 1982.55 67.0
223  0.01 25 1970.63 67.0
223  0.01 125 1991.17 70.0
223  1.0E-4 1 1972.83 64.0
223  1.0E-4 5 1998.98 65.0
223  1.0E-4 25 2274.56 63.0
223  1.0E-4 125 2537.53 65.0