seed lambda k value exec_time
284  0.001 1 2142.23 688.0
284  0.001 5 2158.53 463.0
284  0.001 25 2150.27 547.0
284  0.001 50 2152.1 507.0
284  0.001 100 2160.38 371.0
284  0.001 125 2126.85 314.0
271  0.001 1 2096.74 193.0
271  0.001 5 2076.54 85.0
271  0.001 25 2103.31 99.0
271  0.001 50 2073.5 107.0
271  0.001 100 2077.96 70.0
271  0.001 125 2087.3 66.0
195  0.001 1 2203.91 66.0
195  0.001 5 2190.44 95.0
195  0.001 25 2229.52 64.0
195  0.001 50 2212.89 68.0
195  0.001 100 2233.57 64.0
195  0.001 125 2233.87 94.0
381  0.001 1 2054.23 97.0
381  0.001 5 2044.3 98.0
381  0.001 25 2047.41 86.0
381  0.001 50 2047.33 69.0
381  0.001 100 2075.01 65.0
381  0.001 125 2060.07 72.0
187  0.001 1 2097.05 69.0
187  0.001 5 2079.33 71.0
187  0.001 25 2106.79 68.0
187  0.001 50 2078.83 73.0
187  0.001 100 2104.52 64.0
187  0.001 125 2056.32 69.0
267  0.001 1 2312.75 64.0
267  0.001 5 2304.26 65.0
267  0.001 25 2281.88 67.0
267  0.001 50 2286.88 66.0
267  0.001 100 2298.42 78.0
267  0.001 125 2296.82 102.0
274  0.001 1 2125.24 695.0
274  0.001 5 2153.69 75.0
274  0.001 25 2104.4 79.0
274  0.001 50 2082.34 105.0
274  0.001 100 2132.62 82.0
274  0.001 125 2118.39 69.0
230  0.001 1 1813.03 99.0
230  0.001 5 1782.03 74.0
230  0.001 25 1795.27 74.0
230  0.001 50 1811.77 437.0
230  0.001 100 1813.78 64.0
230  0.001 125 1803.19 61.0
12  0.001 1 1840.79 64.0
12  0.001 5 1840.2 67.0
12  0.001 25 1847.13 63.0
12  0.001 50 1849.49 74.0
12  0.001 100 1821.02 63.0
12  0.001 125 1829.71 70.0
333  0.001 1 2002.51 64.0
333  0.001 5 2003.99 67.0
333  0.001 25 2010.41 74.0
333  0.001 50 1989.37 68.0
333  0.001 100 2004.25 67.0
333  0.001 125 1995.23 66.0