seed lambda k value exec_time
250  0.0015 10 2364.0 1181.0
250  0.0015 15 2317.97 767.0
250  0.0015 20 2326.23 372.0
250  0.0015 25 2343.03 90.0
250  0.0015 30 2349.18 223.0
250  0.001 10 2343.29 442.0
250  0.001 15 2378.24 100.0
250  0.001 20 2350.24 105.0
250  0.001 25 2338.36 114.0
250  0.001 30 2352.38 106.0
250  5.0E-4 10 2340.29 76.0
250  5.0E-4 15 2315.17 74.0
250  5.0E-4 20 2334.96 75.0
250  5.0E-4 25 2320.16 79.0
250  5.0E-4 30 2342.07 70.0
282  0.0015 10 2324.12 106.0
282  0.0015 15 2277.66 92.0
282  0.0015 20 2331.33 113.0
282  0.0015 25 2301.13 113.0
282  0.0015 30 2305.39 103.0
282  0.001 10 2321.02 78.0
282  0.001 15 2326.19 70.0
282  0.001 20 2322.64 70.0
282  0.001 25 2306.19 72.0
282  0.001 30 2302.63 69.0
282  5.0E-4 10 2324.73 68.0
282  5.0E-4 15 2278.83 71.0
282  5.0E-4 20 2320.55 74.0
282  5.0E-4 25 2337.22 74.0
282  5.0E-4 30 2325.12 74.0
375  0.0015 10 1990.16 74.0
375  0.0015 15 2025.03 65.0
375  0.0015 20 2016.6 71.0
375  0.0015 25 1981.69 66.0
375  0.0015 30 2016.67 81.0
375  0.001 10 1973.8 99.0
375  0.001 15 1995.13 91.0
375  0.001 20 2017.26 65.0
375  0.001 25 2034.11 65.0
375  0.001 30 2017.04 65.0
375  5.0E-4 10 1998.2 64.0
375  5.0E-4 15 2011.64 64.0
375  5.0E-4 20 2004.22 64.0
375  5.0E-4 25 1991.2 68.0
375  5.0E-4 30 1979.08 64.0
145  0.0015 10 2069.7 69.0
145  0.0015 15 2057.66 69.0
145  0.0015 20 2054.41 69.0
145  0.0015 25 2058.93 67.0
145  0.0015 30 2073.78 67.0
145  0.001 10 2039.62 68.0
145  0.001 15 2055.85 65.0
145  0.001 20 2062.2 65.0
145  0.001 25 2122.79 64.0
145  0.001 30 2063.98 72.0
145  5.0E-4 10 2057.05 65.0
145  5.0E-4 15 2076.33 63.0
145  5.0E-4 20 2048.65 67.0
145  5.0E-4 25 2087.98 62.0
145  5.0E-4 30 2068.1 64.0
387  0.0015 10 2406.18 72.0
387  0.0015 15 2425.61 69.0
387  0.0015 20 2417.37 70.0
387  0.0015 25 2397.09 75.0
387  0.0015 30 2394.39 74.0
387  0.001 10 2436.44 69.0
387  0.001 15 2436.16 70.0
387  0.001 20 2397.18 73.0
387  0.001 25 2419.45 69.0
387  0.001 30 2402.64 71.0
387  5.0E-4 10 2411.66 69.0
387  5.0E-4 15 2401.27 73.0
387  5.0E-4 20 2429.62 67.0
387  5.0E-4 25 2403.08 69.0
387  5.0E-4 30 2403.77 70.0
265  0.0015 10 2442.54 71.0
265  0.0015 15 2438.41 78.0
265  0.0015 20 2464.76 72.0
265  0.0015 25 2452.0 78.0
265  0.0015 30 2422.17 79.0
265  0.001 10 2444.25 71.0
265  0.001 15 2450.57 71.0
265  0.001 20 2428.82 75.0
265  0.001 25 2451.56 75.0
265  0.001 30 2459.54 75.0
265  5.0E-4 10 2436.08 79.0
265  5.0E-4 15 2446.28 76.0
265  5.0E-4 20 2420.85 81.0
265  5.0E-4 25 2410.6 74.0
265  5.0E-4 30 2465.82 78.0
274  0.0015 10 2127.93 73.0
274  0.0015 15 2149.93 74.0
274  0.0015 20 2120.67 71.0
274  0.0015 25 2128.03 70.0
274  0.0015 30 2123.93 70.0
274  0.001 10 2144.74 72.0
274  0.001 15 2095.91 73.0
274  0.001 20 2104.67 68.0
274  0.001 25 2108.63 76.0
274  0.001 30 2113.98 73.0
274  5.0E-4 10 2087.01 72.0
274  5.0E-4 15 2120.81 70.0
274  5.0E-4 20 2112.42 73.0
274  5.0E-4 25 2119.26 73.0
274  5.0E-4 30 2084.06 80.0
175  0.0015 10 2017.69 68.0
175  0.0015 15 2043.04 68.0
175  0.0015 20 2004.44 69.0
175  0.0015 25 1990.15 69.0
175  0.0015 30 2005.68 70.0
175  0.001 10 1998.31 73.0
175  0.001 15 2038.11 67.0
175  0.001 20 1996.99 69.0
175  0.001 25 2021.57 71.0
175  0.001 30 2006.94 69.0
175  5.0E-4 10 2014.11 67.0
175  5.0E-4 15 1975.53 78.0
175  5.0E-4 20 2004.82 67.0
175  5.0E-4 25 2020.46 67.0
175  5.0E-4 30 2000.4 66.0
130  0.0015 10 2019.9 67.0
130  0.0015 15 2028.83 66.0
130  0.0015 20 2012.8 71.0
130  0.0015 25 2038.96 66.0
130  0.0015 30 2031.99 67.0
130  0.001 10 2037.08 65.0
130  0.001 15 2043.1 68.0
130  0.001 20 2007.88 75.0
130  0.001 25 2018.61 67.0
130  0.001 30 2041.19 67.0
130  5.0E-4 10 2023.23 65.0
130  5.0E-4 15 2032.88 66.0
130  5.0E-4 20 2045.07 70.0
130  5.0E-4 25 2034.81 65.0
130  5.0E-4 30 2005.39 67.0
146  0.0015 10 2328.76 69.0
146  0.0015 15 2298.12 76.0
146  0.0015 20 2296.63 73.0
146  0.0015 25 2279.88 71.0
146  0.0015 30 2307.08 82.0
146  0.001 10 2294.02 76.0
146  0.001 15 2331.83 78.0
146  0.001 20 2297.78 70.0
146  0.001 25 2306.66 72.0
146  0.001 30 2288.84 69.0
146  5.0E-4 10 2284.32 69.0
146  5.0E-4 15 2312.24 67.0
146  5.0E-4 20 2284.65 76.0
146  5.0E-4 25 2298.43 69.0
146  5.0E-4 30 2284.06 72.0