188  0.015 1 2700.51 877.0
188  0.015 2 2691.04 674.0
188  0.015 3 2680.4 410.0
188  0.015 4 2701.12 467.0
188  0.015 5 2702.79 458.0
188  0.05 1 2659.29 401.0
188  0.05 2 2693.71 389.0
188  0.05 3 2688.69 380.0
188  0.05 4 2677.79 430.0
188  0.05 5 2698.15 437.0
188  0.01 1 2695.98 374.0
188  0.01 2 2659.21 418.0
188  0.01 3 2695.84 407.0
188  0.01 4 2690.6 312.0
188  0.01 5 2675.27 85.0
188  0.005 1 2707.31 82.0
188  0.005 2 2705.11 88.0
188  0.005 3 2683.92 110.0
188  0.005 4 2677.49 108.0
188  0.005 5 2705.6 116.0
188  0.001 1 2698.15 81.0
188  0.001 2 2692.45 76.0
188  0.001 3 2692.13 78.0
188  0.001 4 2688.8 76.0
188  0.001 5 2681.35 79.0
188  5.0E-4 1 2679.36 78.0
188  5.0E-4 2 2683.54 81.0
188  5.0E-4 3 2686.56 76.0
188  5.0E-4 4 2680.24 97.0
188  5.0E-4 5 2699.78 84.0
210  0.015 1 2234.94 76.0
210  0.015 2 2284.69 75.0
210  0.015 3 2238.6 79.0
210  0.015 4 2253.48 75.0
210  0.015 5 2226.85 76.0
210  0.05 1 2254.05 76.0
210  0.05 2 2272.79 74.0
210  0.05 3 2247.31 71.0
210  0.05 4 2241.47 81.0
210  0.05 5 2253.3 76.0
210  0.01 1 2241.18 77.0
210  0.01 2 2221.57 80.0
210  0.01 3 2249.1 75.0
210  0.01 4 2261.61 74.0
210  0.01 5 2221.93 82.0
210  0.005 1 2273.47 74.0
210  0.005 2 2239.53 73.0
210  0.005 3 2244.27 82.0
210  0.005 4 2240.42 72.0
210  0.005 5 2242.6 79.0
210  0.001 1 2275.09 72.0
210  0.001 2 2236.95 76.0
210  0.001 3 2258.89 72.0
210  0.001 4 2245.22 77.0
210  0.001 5 2243.85 79.0
210  5.0E-4 1 2284.89 71.0
210  5.0E-4 2 2223.42 77.0
210  5.0E-4 3 2259.49 71.0
210  5.0E-4 4 2271.74 74.0
210  5.0E-4 5 2266.24 75.0
396  0.015 1 1908.81 74.0
396  0.015 2 1933.38 71.0
396  0.015 3 1938.2 67.0
396  0.015 4 1930.81 71.0
396  0.015 5 1914.97 76.0
396  0.05 1 1932.01 75.0
396  0.05 2 1939.84 74.0
396  0.05 3 1940.39 71.0
396  0.05 4 1912.62 75.0
396  0.05 5 1934.91 74.0
396  0.01 1 1913.31 73.0
396  0.01 2 1922.01 71.0
396  0.01 3 1966.17 69.0
396  0.01 4 1924.98 75.0
396  0.01 5 1915.91 72.0
396  0.005 1 1941.63 75.0
396  0.005 2 1951.94 67.0
396  0.005 3 1936.61 70.0
396  0.005 4 1947.39 73.0
396  0.005 5 1930.88 81.0
396  0.001 1 1933.2 71.0
396  0.001 2 1950.58 70.0
396  0.001 3 1942.15 75.0
396  0.001 4 1906.01 70.0
396  0.001 5 1904.15 80.0
396  5.0E-4 1 1933.46 75.0
396  5.0E-4 2 1929.25 74.0
396  5.0E-4 3 1952.19 67.0
396  5.0E-4 4 1929.8 69.0
396  5.0E-4 5 1911.79 74.0
197  0.015 1 2173.63 75.0
197  0.015 2 2187.71 75.0
197  0.015 3 2152.43 76.0
197  0.015 4 2178.08 76.0
197  0.015 5 2150.76 75.0
197  0.05 1 2166.42 71.0
197  0.05 2 2177.62 78.0
197  0.05 3 2182.32 74.0
197  0.05 4 2160.2 77.0
197  0.05 5 2154.67 78.0
197  0.01 1 2161.18 75.0
197  0.01 2 2202.73 71.0
197  0.01 3 2199.82 67.0
197  0.01 4 2192.77 76.0
197  0.01 5 2190.28 74.0
197  0.005 1 2178.18 77.0
197  0.005 2 2175.43 72.0
197  0.005 3 2182.14 76.0
197  0.005 4 2175.8 71.0
197  0.005 5 2166.03 70.0
197  0.001 1 2173.26 71.0
197  0.001 2 2144.65 77.0
197  0.001 3 2154.76 72.0
197  0.001 4 2153.46 70.0
197  0.001 5 2176.63 67.0
197  5.0E-4 1 2156.36 72.0
197  5.0E-4 2 2184.22 70.0
197  5.0E-4 3 2169.77 74.0
197  5.0E-4 4 2145.41 74.0
197  5.0E-4 5 2180.11 71.0
116  0.015 1 2253.35 75.0
116  0.015 2 2288.63 70.0
116  0.015 3 2277.85 81.0
116  0.015 4 2254.34 76.0
116  0.015 5 2272.92 77.0
116  0.05 1 2264.56 78.0
116  0.05 2 2276.29 74.0
116  0.05 3 2260.7 73.0
116  0.05 4 2239.83 74.0
116  0.05 5 2252.42 78.0
116  0.01 1 2250.28 74.0
116  0.01 2 2262.51 80.0
116  0.01 3 2243.21 77.0
116  0.01 4 2278.14 74.0
116  0.01 5 2275.59 76.0
116  0.005 1 2253.06 71.0
116  0.005 2 2239.67 77.0
116  0.005 3 2261.71 73.0
116  0.005 4 2251.97 78.0
116  0.005 5 2266.94 78.0
116  0.001 1 2251.33 74.0
116  0.001 2 2258.96 70.0
116  0.001 3 2260.59 74.0
116  0.001 4 2249.89 73.0
116  0.001 5 2246.96 79.0
116  5.0E-4 1 2271.5 73.0
116  5.0E-4 2 2269.32 68.0
116  5.0E-4 3 2248.85 74.0
116  5.0E-4 4 2273.59 70.0
116  5.0E-4 5 2260.37 85.0
366  0.015 1 2061.29 75.0
366  0.015 2 2072.82 72.0
366  0.015 3 2057.78 74.0
366  0.015 4 2050.35 69.0
366  0.015 5 2079.95 74.0
366  0.05 1 2077.5 76.0
366  0.05 2 2078.2 74.0
366  0.05 3 2053.16 75.0
366  0.05 4 2071.4 77.0
366  0.05 5 2044.79 74.0
366  0.01 1 2077.92 71.0
366  0.01 2 2040.43 70.0
366  0.01 3 2051.36 72.0
366  0.01 4 2110.58 73.0
366  0.01 5 2042.2 72.0
366  0.005 1 2080.22 67.0
366  0.005 2 2075.48 71.0
366  0.005 3 2040.76 75.0
366  0.005 4 2060.29 73.0
366  0.005 5 2054.0 72.0
366  0.001 1 2059.91 70.0
366  0.001 2 2047.09 77.0
366  0.001 3 2045.85 66.0
366  0.001 4 2057.14 69.0
366  0.001 5 2048.32 72.0
366  5.0E-4 1 2048.06 73.0
366  5.0E-4 2 2069.14 70.0
366  5.0E-4 3 2049.25 67.0
366  5.0E-4 4 2062.72 75.0
366  5.0E-4 5 2056.21 66.0
267  0.015 1 2297.85 72.0
267  0.015 2 2302.27 76.0
267  0.015 3 2306.91 75.0
267  0.015 4 2313.12 80.0
267  0.015 5 2305.42 78.0
267  0.05 1 2264.63 75.0
267  0.05 2 2305.01 69.0
267  0.05 3 2333.05 72.0
267  0.05 4 2312.8 74.0
267  0.05 5 2285.24 72.0
267  0.01 1 2263.39 79.0
267  0.01 2 2314.98 72.0
267  0.01 3 2296.41 75.0
267  0.01 4 2310.6 75.0
267  0.01 5 2293.93 84.0
267  0.005 1 2316.45 73.0
267  0.005 2 2281.34 79.0
267  0.005 3 2266.68 74.0
267  0.005 4 2288.87 75.0
267  0.005 5 2307.93 77.0
267  0.001 1 2283.97 67.0
267  0.001 2 2318.94 77.0
267  0.001 3 2280.07 72.0
267  0.001 4 2318.56 71.0
267  0.001 5 2304.09 73.0
267  5.0E-4 1 2310.17 65.0
267  5.0E-4 2 2279.25 72.0
267  5.0E-4 3 2306.71 72.0
267  5.0E-4 4 2297.1 74.0
267  5.0E-4 5 2275.15 73.0
184  0.015 1 1975.41 74.0
184  0.015 2 1986.74 75.0
184  0.015 3 2007.72 67.0
184  0.015 4 1974.09 74.0
184  0.015 5 1995.53 79.0
184  0.05 1 1982.4 78.0
184  0.05 2 1994.37 72.0
184  0.05 3 1975.6 73.0
184  0.05 4 1993.85 74.0
184  0.05 5 1995.85 73.0
184  0.01 1 1974.42 72.0
184  0.01 2 1988.34 71.0
184  0.01 3 1998.63 75.0
184  0.01 4 1991.36 74.0
184  0.01 5 1959.26 73.0
184  0.005 1 1982.26 73.0
184  0.005 2 1971.28 67.0
184  0.005 3 2007.61 72.0
184  0.005 4 1976.14 70.0
184  0.005 5 1965.12 72.0
184  0.001 1 1983.87 69.0
184  0.001 2 1983.93 71.0
184  0.001 3 1975.25 70.0
184  0.001 4 1968.25 69.0
184  0.001 5 1991.46 77.0
184  5.0E-4 1 1992.87 72.0
184  5.0E-4 2 1983.44 71.0
184  5.0E-4 3 1991.86 72.0
184  5.0E-4 4 1972.58 69.0
184  5.0E-4 5 1968.56 71.0
259  0.015 1 2104.73 74.0
259  0.015 2 2120.93 74.0
259  0.015 3 2111.96 74.0
259  0.015 4 2112.06 71.0
259  0.015 5 2054.47 82.0
259  0.05 1 2133.04 68.0
259  0.05 2 2090.28 74.0
259  0.05 3 2096.76 80.0
259  0.05 4 2109.06 76.0
259  0.05 5 2103.2 75.0
259  0.01 1 2067.4 75.0
259  0.01 2 2096.86 75.0
259  0.01 3 2094.63 70.0
259  0.01 4 2082.66 77.0
259  0.01 5 2113.21 71.0
259  0.005 1 2098.38 78.0
259  0.005 2 2128.9 72.0
259  0.005 3 2126.15 66.0
259  0.005 4 2078.65 75.0
259  0.005 5 2115.73 67.0
259  0.001 1 2101.8 78.0
259  0.001 2 2103.74 70.0
259  0.001 3 2103.34 71.0
259  0.001 4 2105.57 77.0
259  0.001 5 2083.78 67.0
259  5.0E-4 1 2102.7 76.0
259  5.0E-4 2 2084.28 70.0
259  5.0E-4 3 2077.57 72.0
259  5.0E-4 4 2084.3 71.0
259  5.0E-4 5 2092.48 68.0
213  0.015 1 2207.1 78.0
213  0.015 2 2180.74 79.0
213  0.015 3 2201.89 77.0
213  0.015 4 2186.73 75.0
213  0.015 5 2223.94 76.0
213  0.05 1 2188.77 81.0
213  0.05 2 2192.12 76.0
213  0.05 3 2202.64 75.0
213  0.05 4 2180.41 76.0
213  0.05 5 2195.62 77.0
213  0.01 1 2174.5 74.0
213  0.01 2 2209.85 76.0
213  0.01 3 2196.43 75.0
213  0.01 4 2203.24 75.0
213  0.01 5 2195.83 73.0
213  0.005 1 2169.9 79.0
213  0.005 2 2207.55 75.0
213  0.005 3 2189.58 77.0
213  0.005 4 2197.1 74.0
213  0.005 5 2204.91 76.0
213  0.001 1 2185.01 73.0
213  0.001 2 2195.05 71.0
213  0.001 3 2191.23 78.0
213  0.001 4 2197.3 75.0
213  0.001 5 2181.27 74.0
213  5.0E-4 1 2190.63 78.0
213  5.0E-4 2 2196.74 70.0
213  5.0E-4 3 2199.36 72.0
213  5.0E-4 4 2214.07 78.0
213  5.0E-4 5 2192.79 72.0