seed lambda k value exec_time
68  0.1 1 2154.99 362.0
68  0.1 5 2182.75 221.0
68  0.1 25 2195.86 165.0
68  0.1 125 2162.22 225.0
68  0.01 1 2128.11 543.0
68  0.01 5 2138.91 569.0
68  0.01 25 2145.08 293.0
68  0.01 125 2188.42 256.0
68  0.001 1 2135.63 223.0
68  0.001 5 2136.14 93.0
68  0.001 25 2136.14 145.0
68  0.001 125 2123.59 138.0
245  0.1 1 2099.15 36.0
245  0.1 5 2061.08 43.0
245  0.1 25 2083.63 38.0
245  0.1 125 2071.73 37.0
245  0.01 1 2092.5 86.0
245  0.01 5 2072.53 86.0
245  0.01 25 2013.32 85.0
245  0.01 125 2050.82 102.0
245  0.001 1 2009.6 93.0
245  0.001 5 2073.35 102.0
245  0.001 25 2026.53 100.0
245  0.001 125 2012.61 125.0
66  0.1 1 2318.24 147.0
66  0.1 5 2344.13 198.0
66  0.1 25 2358.99 71.0
66  0.1 125 2315.3 40.0
66  0.01 1 2311.02 104.0
66  0.01 5 2336.9 88.0
66  0.01 25 2293.01 94.0
66  0.01 125 2301.82 82.0
66  0.001 1 2334.59 1201.0
66  0.001 5 2288.84 75.0
66  0.001 25 2312.14 96.0
66  0.001 125 2309.46 78.0
185  0.1 1 2188.9 37.0
185  0.1 5 2209.15 69.0
185  0.1 25 2169.91 78.0
185  0.1 125 2162.67 38.0
185  0.01 1 2170.26 79.0
185  0.01 5 2146.64 308.0
185  0.01 25 2141.3 111.0
185  0.01 125 2169.16 114.0
185  0.001 1 2129.24 71.0
185  0.001 5 2120.47 72.0
185  0.001 25 2155.12 71.0
185  0.001 125 2125.72 71.0
193  0.1 1 2170.21 34.0
193  0.1 5 2206.21 34.0
193  0.1 25 2194.36 34.0
193  0.1 125 2190.01 33.0
193  0.01 1 2157.1 67.0
193  0.01 5 2174.37 69.0
193  0.01 25 2192.64 70.0
193  0.01 125 2189.52 66.0
193  0.001 1 2180.4 65.0
193  0.001 5 2145.04 66.0
193  0.001 25 2150.35 65.0
193  0.001 125 2175.71 66.0
247  0.1 1 2088.2 33.0
247  0.1 5 2055.76 34.0
247  0.1 25 2078.18 33.0
247  0.1 125 2080.06 33.0
247  0.01 1 2078.3 66.0
247  0.01 5 2013.81 76.0
247  0.01 25 2110.13 65.0
247  0.01 125 2021.21 70.0
247  0.001 1 2039.15 66.0
247  0.001 5 2044.19 67.0
247  0.001 25 2016.77 67.0
247  0.001 125 2071.24 65.0
171  0.1 1 2551.04 37.0
171  0.1 5 2540.75 36.0
171  0.1 25 2554.44 41.0
171  0.1 125 2562.34 40.0
171  0.01 1 2524.68 77.0
171  0.01 5 2508.8 76.0
171  0.01 25 2511.48 75.0
171  0.01 125 2513.95 77.0
171  0.001 1 2525.22 77.0
171  0.001 5 2487.93 73.0
171  0.001 25 2512.39 70.0
171  0.001 125 2516.34 72.0
151  0.1 1 2196.57 43.0
151  0.1 5 2155.54 59.0
151  0.1 25 2163.67 41.0
151  0.1 125 2147.56 44.0
151  0.01 1 2110.64 84.0
151  0.01 5 2101.84 78.0
151  0.01 25 2142.74 80.0
151  0.01 125 2096.67 80.0
151  0.001 1 2101.22 78.0
151  0.001 5 2124.07 84.0
151  0.001 25 2101.25 68.0
151  0.001 125 2112.1 79.0
351  0.1 1 2318.94 45.0
351  0.1 5 2321.57 51.0
351  0.1 25 2318.13 45.0
351  0.1 125 2356.39 42.0
351  0.01 1 2279.86 85.0
351  0.01 5 2277.23 85.0
351  0.01 25 2298.34 81.0
351  0.01 125 2293.87 84.0
351  0.001 1 2331.41 78.0
351  0.001 5 2321.18 80.0
351  0.001 25 2297.99 80.0
351  0.001 125 2275.06 100.0
20  0.1 1 2113.0 40.0
20  0.1 5 2174.65 36.0
20  0.1 25 2145.92 45.0
20  0.1 125 2141.81 32.0
20  0.01 1 2117.08 72.0
20  0.01 5 2108.57 74.0
20  0.01 25 2121.51 67.0
20  0.01 125 2110.4 65.0
20  0.001 1 2132.9 64.0
20  0.001 5 2123.95 64.0
20  0.001 25 2128.59 63.0
20  0.001 125 2120.02 66.0