data comparativa heuristica (h1+h2) con  antigua (h1):

    seeds HillH1_1 HillH2_1 HillHT_1 HillExec1 SAH1_1 SAH2_1 SAHT_1 SAExec1 HillH1_Old HillExec_Old SAH1_Old SAExec_Old
    264 2547.13 440.4 3427.9300000000003 11154 2595.6766666666667 375.34666666666664 3346.37 811  2597.69 5228 2533.7033333333334 787
    229 2610.15 328.49 3267.13 7213 2598.353333333333 353.02333333333337 3304.3999999999996 418  2499.2 4296 2487.4733333333334 951
    174 2612.74 436.71 3486.16 7844 2641.266666666667 414.50333333333333 3470.2733333333335 232  2570.92 5078 2506.42 212
    301 2764.29 612.66 3989.6099999999997 7432 2701.693333333333 413.00666666666666 3527.7066666666665 246  2647.8 4634 2556.9533333333334 220
    198 2503.97 542.95 3589.87 7842 2573.8433333333337 399.3333333333333 3372.51 233  2502.36 5205 2412.193333333333 218
    105 2639.13 462.48 3564.09 7145 2672.0433333333335 429.26666666666665 3530.576666666667 243  2571.92 4257 2525.483333333333 233
    368 2604.15 499.46 3603.07 7663 2615.88 391.6666666666667 3399.2133333333336 242  2475.6 4459 2455.88 227
    315 2460.26 363.4 3187.0600000000004 7135 2523.06 372.7133333333333 3268.4866666666667 235  2456.89 4529 2419.84 227
    231 2622.14 500.06 3622.2599999999998 7336 2675.9133333333334 399.1166666666666 3474.1466666666665 233  2626.91 4292 2557.7200000000003 222
    323 2525.78 380.93 3287.6400000000003 7633 2520.0733333333333 392.92 3305.9133333333334 224  2448.55 5126 2373.353333333333 223



data set 1 from n=1 to n=6:

    seeds HillH1_1 HillH2_1 HillHT_1 HillExec1 SAH1_1 SAH2_1 SAHT_1 SAExec1 HillH1_2 HillH2_2 HillHT_2 HillExec2 SAH1_2 SAH2_2 SAHT_2 SAExec2 HillH1_3 HillH2_3 HillHT_3 HillExec3 SAH1_3 SAH2_3 SAHT_3 SAExec3 HillH1_4 HillH2_4 HillHT_4 HillExec4 SAH1_4 SAH2_4 SAHT_4 SAExec4 HillH1_5 HillH2_5 HillHT_5 HillExec5 SAH1_5 SAH2_5 SAHT_5 SAExec5 HillH1_6 HillH2_6 HillHT_6 HillExec6 SAH1_6 SAH2_6 SAHT_6 SAExec6
    40 2552.88 378.44 3309.76 9793 2566.633333333333 364.6566666666667 3295.9466666666667 835 2564.31 363.41 3654.54 6355 2574.4233333333336 353.75666666666666 3635.6933333333336 248 2540.99 567.12 2540.99 6229 2491.5766666666664 661.2600000000001 2491.5766666666664 253 2549.3 408.71 2958.01 6640 2567.2899999999995 420.99333333333334 2988.283333333333 283 2618.23 341.05 4664.530000000001 6474 2612.0933333333332 346.9766666666667 4693.953333333333 244 2582.62 398.82 5374.36 6807 2554.953333333333 354.58 5037.013333333332 241 
    338 2563.35 375.89 3315.13 7518 2526.2599999999998 345.92333333333335 3218.1066666666666 228 2499.59 350.9 3552.29 7425 2494.4633333333336 358.14333333333326 3568.8933333333334 232 2504.19 1228.27 2504.19 6393 2437.546666666667 648.1833333333333 2437.546666666667 238 2509.82 405.03 2914.8500000000004 7442 2477.69 372.6966666666667 2850.3866666666668 231 2516.09 347.51 4601.15 8227 2534.543333333333 352.01 4646.603333333333 230 2540.9 349.13 4984.8099999999995 8539 2555.2099999999996 328.29333333333335 4853.263333333332 231 
    288 2462.63 358.24 3179.11 7420 2456.4233333333336 372.84999999999997 3202.1233333333334 223 2479.51 359.76 3558.79 7430 2464.4166666666665 361.4433333333333 3548.7466666666664 220 2458.44 910.96 2458.44 6857 2343.476666666667 915.3833333333333 2343.476666666667 232 2429.99 413.34 2843.33 7520 2455.2266666666665 375.12000000000006 2830.3466666666664 226 2468.56 344.47 4535.38 8511 2456.1 345.8733333333333 4531.34 220 2501.24 344.47 4912.53 8105 2446.443333333333 343.78666666666663 4852.949999999999 220 
    72 2882.13 361.81 3605.75 6882 2861.0533333333333 324.68333333333334 3510.42 249 2864.17 297.78 3757.51 7358 2853.3233333333333 328.2733333333333 3838.1433333333334 250 2725.81 1399.36 2725.81 5078 2678.2766666666666 1304.0600000000002 2678.2766666666666 258 2795.55 548.15 3343.7000000000003 6761 2812.1566666666663 345.7866666666667 3157.943333333333 265 2872.68 346.72 4953.0 8114 2868.4966666666664 299.5733333333333 4665.9366666666665 251 2870.01 359.42 5385.950000000001 7558 2862.0833333333335 315.30333333333334 5069.206666666667 248 
    279 2807.11 393.96 3595.03 7097 2698.5833333333335 434.96333333333337 3568.51 232 2820.66 382.71 3968.79 7556 2736.6366666666668 402.46 3944.0166666666664 243 2715.33 1350.72 2715.33 5717 2621.7400000000002 982.2266666666666 2621.7400000000002 243 2734.86 413.0 3147.86 6873 2705.3433333333332 444.2966666666667 3149.64 237 2794.65 384.89 5103.99 7999 2754.9600000000005 399.33 5150.9400000000005 240 2779.28 399.16 5573.400000000001 7642 2767.1166666666663 392.15000000000003 5512.166666666666 237 
    12 2119.66 331.66 2782.98 7816 2140.9100000000003 329.40666666666664 2799.7233333333334 222 2128.41 327.22 3110.0699999999997 8110 2155.5066666666667 321.2133333333333 3119.1466666666665 222 2107.56 508.6 2107.56 6218 2065.486666666666 485.6933333333333 2065.486666666666 230 2101.05 350.76 2451.8100000000004 7512 2106.713333333333 358.31333333333333 2465.0266666666666 227 2165.27 303.64 3987.1099999999997 8154 2165.03 302.38999999999993 3979.37 220 2184.29 330.92 4500.73 8376 2184.58 303.2133333333333 4307.073333333334 226 
    29 2549.14 428.59 3406.3199999999997 8125 2583.3433333333337 402.73333333333335 3388.8100000000004 250 2555.52 428.96 3842.3999999999996 7609 2561.3766666666666 393.46000000000004 3741.7566666666667 235 2445.66 1089.58 2445.66 6394 2417.6766666666667 1132.44 2417.6766666666667 264 2522.05 550.33 3072.38 7306 2543.353333333333 420.1666666666667 2963.5199999999995 239 2583.37 377.71 4849.629999999999 8159 2624.7033333333334 360.17666666666673 4785.763333333334 240 2555.71 371.83 5158.52 9290 2618.6166666666663 362.5433333333333 5156.42 245 
    41 2551.01 386.35 3323.71 7246 2580.8833333333337 364.0466666666667 3308.976666666667 239 2598.62 359.77 3677.93 7334 2597.983333333333 332.75333333333333 3596.243333333333 228 2522.03 926.8 2522.03 5799 2476.9066666666663 1274.0966666666666 2476.9066666666663 240 2520.24 620.29 3140.5299999999997 6895 2568.0399999999995 356.31666666666666 2924.356666666666 243 2551.61 375.81 4806.47 8563 2598.3733333333334 321.67 4528.393333333333 244 2620.71 362.28 5156.67 9059 2596.7099999999996 330.05 4907.0599999999995 258 
    358 2716.64 410.28 3537.2 6781 2748.4933333333333 355.1233333333333 3458.74 268 2734.1 350.46 3785.4799999999996 6910 2756.0533333333333 369.57666666666665 3864.7833333333333 266 2724.74 730.24 2724.74 6076 2645.6433333333334 683.1166666666667 2645.6433333333334 277 2758.45 398.33 3156.7799999999997 6626 2719.08 362.74333333333334 3081.8233333333333 263 2728.74 328.24 4698.18 7471 2723.066666666667 334.47999999999996 4729.946666666667 269 2733.81 338.88 5105.969999999999 7351 2754.67 320.72333333333336 4999.733333333334 268 
    91 2317.48 347.59 3012.66 9305 2288.316666666667 350.26 2988.836666666667 252 2327.45 368.41 3432.68 9121 2320.373333333333 350.84666666666664 3372.913333333333 255 2253.62 824.14 2253.62 6890 2224.646666666667 758.9933333333333 2224.646666666667 262 2283.56 438.44 2722.0 8610 2315.766666666667 372.4266666666667 2688.1933333333336 245 2319.16 341.21 4366.42 9004 2372.2633333333333 325.56333333333333 4325.643333333333 257 2305.2 356.76 4802.5199999999995 9342 2335.35 326.78 4622.8099999999995 250 

data set 2 from n=1 to n=6:

    seeds HillH1_1 HillH2_1 HillHT_1 HillExec1 SAH1_1 SAH2_1 SAHT_1 SAExec1 HillH1_2 HillH2_2 HillHT_2 HillExec2 SAH1_2 SAH2_2 SAHT_2 SAExec2 HillH1_3 HillH2_3 HillHT_3 HillExec3 SAH1_3 SAH2_3 SAHT_3 SAExec3 HillH1_4 HillH2_4 HillHT_4 HillExec4 SAH1_4 SAH2_4 SAHT_4 SAExec4 HillH1_5 HillH2_5 HillHT_5 HillExec5 SAH1_5 SAH2_5 SAHT_5 SAExec5 HillH1_6 HillH2_6 HillHT_6 HillExec6 SAH1_6 SAH2_6 SAHT_6 SAExec6
    95 2651.01 409.08 3469.17 10265 2683.35 408.3633333333334 3500.076666666667 837 2650.95 400.2 3851.5499999999997 7197 2670.7000000000003 388.74 3836.92 542 2634.32 845.75 2634.32 6896 2610.5 810.6700000000001 2610.5 769 2732.72 386.14 3118.8599999999997 7437 2672.0466666666666 404.2966666666666 3076.3433333333332 240 2671.39 398.16 5060.35 11448 2698.66 377.07 4961.08 305 2714.93 363.74 5261.110000000001 10149 2689.4766666666665 397.41333333333336 5471.37 304 
    264 2547.13 440.4 3427.9300000000003 9421 2595.6266666666666 371.96000000000004 3339.5466666666666 336 2572.97 428.34 3857.99 9381 2638.4366666666665 375.24 3764.1566666666668 291 2597.69 770.45 2597.69 7580 2534.7166666666667 770.9966666666666 2534.7166666666667 292 2588.97 354.58 2943.5499999999997 8688 2623.976666666667 402.1066666666666 3026.0833333333335 315 2634.72 366.01 4830.78 10382 2630.34 334.1766666666667 4635.4 280 2639.52 344.17 5048.71 10220 2619.1266666666666 354.77666666666664 5102.5633333333335 303 
    296 2726.1 592.76 3911.62 8244 2787.8566666666666 352.64000000000004 3493.1366666666668 298 2720.86 569.86 4430.4400000000005 7928 2816.133333333333 345.47 3852.543333333333 300 2726.53 1354.37 2726.53 7034 2670.816666666667 985.3333333333334 2670.816666666667 333 2689.24 764.98 3454.22 8225 2778.3199999999997 387.17333333333335 3165.493333333333 301 2771.05 406.44 5209.6900000000005 9621 2818.476666666667 346.27000000000004 4896.096666666667 296 2780.85 428.5 5780.35 9876 2816.7166666666667 338.04 5182.996666666667 305 
    31 2542.69 371.12 3284.9300000000003 11121 2538.86 353.2133333333333 3245.286666666667 299 2503.6 554.7 4167.7 9700 2550.76 336.1566666666667 3559.2300000000005 288 2517.66 725.64 2517.66 8262 2456.8700000000003 676.15 2456.8700000000003 298 2525.53 442.41 2967.94 9426 2512.766666666667 413.01666666666665 2925.7833333333338 281 2599.99 388.1 4928.59 9789 2546.646666666667 342.3866666666666 4600.966666666667 290 2594.99 338.51 4964.5599999999995 10593 2559.273333333333 331.65333333333336 4880.846666666666 289 
    202 2791.37 571.69 3934.75 9252 2851.8500000000004 437.92 3727.6900000000005 287 2802.36 391.42 3976.62 8544 2868.4233333333336 407.89000000000004 4092.0933333333337 269 2725.64 954.31 2725.64 6746 2670.943333333333 1086.9866666666667 2670.943333333333 246 2808.94 520.95 3329.8900000000003 9933 2810.396666666666 450.82666666666665 3261.223333333333 287 2822.42 407.29 5266.16 10577 2866.4833333333336 395.6366666666667 5240.303333333333 340 2822.42 407.29 5673.450000000001 10672 2873.5466666666666 388.93666666666667 5596.1033333333335 297 
    296 2726.1 592.76 3911.62 8489 2771.876666666667 351.2966666666667 3474.4700000000003 310 2720.86 569.86 4430.4400000000005 8283 2804.1366666666668 354.56 3867.8166666666666 324 2726.53 1354.37 2726.53 6839 2660.0933333333332 1033.9799999999998 2660.0933333333332 304 2689.24 764.98 3454.22 8086 2774.8366666666666 372.46666666666664 3147.3033333333333 311 2771.05 406.44 5209.6900000000005 10208 2796.963333333333 344.83 4865.943333333333 302 2780.85 428.5 5780.35 9615 2796.1366666666668 322.91333333333336 5056.530000000001 324 
    54 2659.01 340.38 3339.7700000000004 8935 2656.6566666666668 341.2166666666667 3339.09 308 2661.11 331.0 3654.11 9344 2657.603333333333 333.35999999999996 3657.683333333333 305 2653.98 936.64 2653.98 7755 2599.1366666666668 861.2666666666668 2599.1366666666668 305 2678.94 385.34 3064.28 10020 2652.633333333333 362.67333333333335 3015.3066666666664 293 2728.1 336.15 4745.0 9703 2679.2533333333336 329.45 4655.953333333333 294 2736.44 310.95 4913.09 10372 2673.5733333333333 322.91333333333336 4933.966666666667 291 
    306 2494.84 424.45 3343.7400000000002 10388 2502.153333333333 406.40000000000003 3314.9533333333334 277 2502.82 376.86 3633.4 10504 2507.3266666666664 387.29 3669.1966666666667 292 2427.66 1276.53 2427.66 9107 2392.596666666667 1119.9566666666667 2392.596666666667 286 2485.83 485.54 2971.37 10388 2497.8733333333334 414.44666666666666 2912.32 305 2531.07 389.76 4869.63 11707 2558.6666666666665 375.3766666666667 4810.926666666666 297 2547.5 405.86 5388.52 12149 2560.5499999999997 369.67 5148.24 296 
    129 2555.72 443.81 3443.3399999999997 11059 2532.6000000000004 413.40333333333336 3359.406666666667 309 2544.07 430.11 3834.4 9774 2540.48 405.7133333333333 3757.62 275 2515.19 918.83 2515.19 8219 2456.5099999999998 878.3933333333334 2456.5099999999998 317 2553.93 493.79 3047.72 9902 2505.646666666667 421.95666666666665 2927.6033333333335 299 2529.01 437.58 5154.49 10072 2582.15 386.6766666666667 4902.21 282 2526.8 404.91 5361.17 11381 2587.5933333333337 393.92333333333335 5345.056666666667 287 
    360 2815.51 590.81 3997.13 9720 2873.28 460.07 3793.42 306 2816.25 508.17 4340.76 10634 2901.81 434.3933333333334 4204.99 301 2763.41 1204.3 2763.41 8290 2704.75 1168.0433333333333 2704.75 316 2827.7 508.83 3336.5299999999997 9491 2879.4600000000005 463.47333333333336 3342.933333333334 303 2815.96 484.45 5722.66 10606 2886.786666666667 414.51 5373.846666666666 298 2867.54 430.35 5879.99 10708 2903.1633333333334 419.32 5838.403333333334 293 

data set 3 n=1 to n=6:
(in which the heuristic was modified: for each priority group in the last flight with some priority group we added 10m to the max time)

    seeds HillH1_1 HillH2_1 HillHT_1 HillExec1 SAH1_1 SAH2_1 SAHT_1 SAExec1 HillH1_2 HillH2_2 HillHT_2 HillExec2 SAH1_2 SAH2_2 SAHT_2 SAExec2 HillH1_3 HillH2_3 HillHT_3 HillExec3 SAH1_3 SAH2_3 SAHT_3 SAExec3 HillH1_4 HillH2_4 HillHT_4 HillExec4 SAH1_4 SAH2_4 SAHT_4 SAExec4 HillH1_5 HillH2_5 HillHT_5 HillExec5 SAH1_5 SAH2_5 SAHT_5 SAExec5 HillH1_6 HillH2_6 HillHT_6 HillExec6 SAH1_6 SAH2_6 SAHT_6 SAExec6
    169 2880.99 444.33 3769.6499999999996 12236 2894.2933333333335 412.26 3718.8133333333335 939 2835.96 642.88 4764.6 7894 2897.16 393.1966666666667 4076.75 749 2828.71 1000.99 2828.71 6709 2731.706666666667 1072.5599999999997 2731.706666666667 1538 2814.13 682.75 3496.88 8273 2901.6066666666666 446.6333333333334 3348.24 248 2952.33 392.76 5308.889999999999 8753 2928.3866666666668 390.14000000000004 5269.226666666667 243 2954.0 415.07 5859.49 8862 2915.8866666666668 379.51666666666665 5572.503333333334 248 
    292 2358.54 557.27 3473.08 8809 2432.4233333333336 385.7866666666667 3203.996666666667 248 2356.43 513.0 3895.43 8638 2448.523333333333 377.0833333333333 3579.773333333333 244 2322.23 1010.25 2322.23 7725 2278.9566666666665 1026.1566666666665 2278.9566666666665 277 2341.69 539.73 2881.42 8575 2414.5766666666664 397.55333333333334 2812.1299999999997 244 2407.76 432.17 5000.780000000001 8474 2449.4266666666667 360.4433333333333 4612.086666666666 252 2437.89 415.41 5345.76 9610 2457.4366666666665 345.3 4874.536666666667 304 
    340 2485.83 520.42 3526.67 9336 2567.6433333333334 446.24 3460.1233333333334 258 2479.5 556.69 4149.57 9442 2559.0466666666666 392.1366666666667 3735.456666666667 322 2498.61 818.85 2498.61 7396 2462.56 885.0166666666665 2462.56 256 2481.53 579.6 3061.13 8824 2549.64 424.38999999999993 2974.0299999999997 252 2567.18 436.86 5188.34 10065 2593.0633333333335 400.34999999999997 4995.163333333334 258 2531.43 455.17 5717.62 9954 2584.93 376.17 5218.12 268 
    255 2494.9 410.15 3315.2 7846 2516.15 365.55 3247.25 255 2507.17 369.43 3615.46 8035 2547.9166666666665 349.6566666666667 3596.8866666666663 252 2483.18 948.11 2483.18 6279 2424.3866666666668 754.2399999999999 2424.3866666666668 251 2514.01 405.51 2919.5200000000004 8323 2483.4633333333336 389.68666666666667 2873.15 255 2568.01 382.82 4864.93 8772 2530.9900000000002 367.49 4735.93 243 2542.53 357.25 5043.280000000001 9075 2560.8333333333335 352.65000000000003 5029.383333333333 246 
    97 2697.37 465.75 3628.87 7757 2777.6666666666665 406.76666666666665 3591.2 279 2686.64 490.7 4158.74 8170 2788.626666666667 414.81333333333333 4033.066666666667 253 2715.66 948.06 2715.66 6864 2649.0466666666666 845.6766666666666 2649.0466666666666 259 2745.51 549.09 3294.6000000000004 8986 2745.5166666666664 433.31 3178.8266666666664 265 2701.18 454.61 5428.84 9971 2784.2466666666664 400.03 5184.426666666666 251 2763.32 427.45 5755.47 9233 2818.9533333333334 391.3633333333334 5558.496666666668 249 
    58 2445.64 410.22 3266.08 7980 2500.443333333333 350.58 3201.603333333333 255 2434.91 420.57 3696.62 8065 2473.27 345.3733333333333 3509.39 262 2431.15 638.21 2431.15 6773 2386.9466666666667 617.4433333333333 2386.9466666666667 269 2477.67 420.89 2898.56 7911 2438.2166666666667 368.02333333333337 2806.2400000000002 276 2419.04 376.27 4676.66 8368 2488.6433333333334 323.43666666666667 4429.263333333333 291 2422.72 373.38 5036.379999999999 8747 2497.383333333333 323.7366666666667 4763.54 255 
    76 2658.68 421.03 3500.74 8050 2701.6433333333334 402.76 3507.1633333333334 249 2654.57 382.56 3802.25 8690 2689.9566666666665 379.0 3826.9566666666665 259 2655.07 1036.79 2655.07 6205 2623.2466666666664 887.8366666666667 2623.2466666666664 280 2685.63 440.56 3126.19 7564 2659.566666666666 411.7666666666667 3071.333333333333 272 2726.62 395.33 5098.6 9413 2722.6733333333336 373.2633333333333 4962.253333333334 256 2707.38 423.64 5672.860000000001 8228 2720.69 367.06666666666666 5290.156666666667 253 
    222 2755.03 463.99 3683.01 8313 2781.9166666666665 385.54333333333335 3553.003333333333 254 2803.22 406.83 4023.71 9961 2789.7999999999997 379.81333333333333 3929.24 348 2762.48 918.22 2762.48 8436 2698.963333333333 1001.8733333333333 2698.963333333333 267 2755.17 446.81 3201.98 8362 2770.226666666667 421.7366666666667 3191.9633333333336 248 2821.47 442.37 5475.6900000000005 8580 2821.0400000000004 390.3433333333333 5163.1 251 2797.65 402.73 5616.76 8682 2787.983333333333 369.68 5375.743333333334 254 
    0 2775.49 575.72 3926.93 7870 2787.1433333333334 422.5 3632.1433333333334 251 2802.28 504.2 4314.88 7785 2863.1333333333337 410.7033333333333 4095.243333333334 249 2758.76 972.27 2758.76 7654 2677.943333333333 976.35 2677.943333333333 263 2800.23 578.12 3378.35 7097 2816.4966666666664 422.73 3239.2266666666665 249 2855.68 374.19 5100.82 8083 2846.883333333333 407.26 5290.443333333333 251 2877.45 380.59 5541.58 7908 2842.8799999999997 396.3 5616.98 242 
    312 2351.16 360.83 3072.8199999999997 8567 2335.7666666666664 386.6966666666667 3109.16 249 2380.68 384.98 3535.62 8811 2382.236666666666 384.3433333333333 3535.2666666666664 228 2315.74 837.0 2315.74 6853 2266.806666666667 728.5833333333334 2266.806666666667 238 2343.61 469.19 2812.8 8301 2349.7166666666667 395.67333333333335 2745.39 232 2389.45 377.48 4654.33 8188 2388.023333333333 373.7666666666667 4630.623333333333 224 2359.48 368.84 4941.36 9123 2405.06 352.64333333333326 4873.563333333333 236 

data set 4 n=1 to n=8:

    seeds HillH1_1 HillH2_1 HillHT_1 HillExec1 SAH1_1 SAH2_1 SAHT_1 SAExec1 HillH1_2 HillH2_2 HillHT_2 HillExec2 SAH1_2 SAH2_2 SAHT_2 SAExec2 HillH1_3 HillH2_3 HillHT_3 HillExec3 SAH1_3 SAH2_3 SAHT_3 SAExec3 HillH1_4 HillH2_4 HillHT_4 HillExec4 SAH1_4 SAH2_4 SAHT_4 SAExec4 HillH1_5 HillH2_5 HillHT_5 HillExec5 SAH1_5 SAH2_5 SAHT_5 SAExec5 HillH1_6 HillH2_6 HillHT_6 HillExec6 SAH1_6 SAH2_6 SAHT_6 SAExec6 HillH1_7 HillH2_7 HillHT_7 HillExec7 SAH1_7 SAH2_7 SAHT_7 SAExec7 HillH1_8 HillH2_8 HillHT_8 HillExec8 SAH1_8 SAH2_8 SAHT_8 SAExec8
    104 2360.89 355.12 3071.13 13152 2367.91 332.79 3033.49 878 2317.88 387.54 3480.5 8622 2356.9533333333334 328.54333333333335 3342.5833333333335 912 2318.67 827.32 2318.67 6721 2269.15 731.6366666666667 2269.15 420 2322.24 451.52 2773.7599999999998 7586 2318.6800000000003 365.5466666666667 2684.226666666667 236 2424.47 389.89 4763.8099999999995 10118 2374.67 329.53 4351.85 302 2342.31 393.07 5093.799999999999 10149 2383.0033333333336 306.9433333333333 4531.606666666667 249 2337.17 355.37 3758.65 9604 2384.4599999999996 322.6066666666666 3674.8866666666663 257 2369.24 369.75 4217.99 9902 2379.8933333333334 341.56 4087.6933333333336 247 
    313 2827.91 419.22 3666.35 8854 2846.6666666666665 385.19000000000005 3617.0466666666666 267 2842.66 425.49 4119.13 8763 2879.2900000000004 372.26666666666665 3996.09 265 2731.13 1315.67 2731.13 7304 2678.61 1361.8 2678.61 268 2812.43 763.65 3576.08 7994 2833.9666666666667 399.44666666666666 3233.4133333333334 251 2855.4 421.06 5381.76 9560 2901.126666666667 355.1266666666666 5031.886666666667 251 2920.26 404.91 5754.630000000001 10482 2879.9500000000003 347.4166666666667 5311.866666666667 260 2833.9 408.08 4466.22 8630 2876.656666666667 366.09 4341.016666666667 246 2810.28 482.21 5221.33 9569 2892.44 369.4866666666667 4739.873333333333 240 
    285 2677.76 362.46 3402.6800000000003 8976 2700.0933333333337 364.02 3428.1333333333337 251 2735.68 377.36 3867.7599999999998 8185 2693.1366666666668 364.90000000000003 3787.836666666667 247 2654.11 1136.06 2654.11 7263 2603.9666666666667 922.5433333333334 2603.9666666666667 271 2690.84 373.35 3064.19 8325 2681.0466666666666 371.75 3052.7966666666666 267 2740.96 352.39 4855.3 8885 2737.156666666667 349.52666666666664 4834.3166666666675 260 2795.46 336.29 5149.49 9230 2723.9733333333334 324.3666666666667 4994.54 246 2707.86 336.58 4054.1800000000003 8691 2721.9133333333334 334.93333333333334 4061.6466666666665 249 2720.52 370.64 4573.719999999999 9252 2735.226666666667 329.92 4384.826666666667 291 
    178 2755.24 431.75 3618.74 7899 2751.983333333333 390.56 3533.103333333333 252 2735.29 421.88 4000.93 8145 2755.056666666667 395.8300000000001 3942.546666666667 238 2691.22 1266.56 2691.22 7004 2637.0833333333335 985.1766666666667 2637.0833333333335 250 2713.87 574.97 3288.84 7894 2699.7166666666667 453.78333333333336 3153.5 254 2760.52 383.0 5058.52 8602 2774.08 407.35666666666674 5218.22 249 2763.87 356.77 5261.26 8902 2754.683333333334 394.0833333333333 5513.266666666666 241 2720.43 514.48 4778.35 7740 2737.236666666666 387.80999999999995 4288.476666666666 236 2740.84 380.46 4643.14 8536 2769.8866666666668 401.5466666666666 4777.62 240 
    346 2346.67 417.32 3181.31 9774 2392.4633333333336 436.9666666666667 3266.396666666667 264 2364.43 411.45 3598.7799999999997 9156 2390.99 413.27666666666664 3630.8199999999997 248 2335.87 567.72 2335.87 7390 2323.5933333333332 648.9699999999999 2323.5933333333332 245 2372.5 460.85 2833.35 8610 2366.9066666666668 427.6633333333334 2794.57 245 2399.72 423.13 4938.5 9291 2416.8266666666664 402.95666666666665 4834.566666666666 240 2391.84 399.07 5185.33 9281 2419.03 392.8966666666667 5169.306666666667 239 2382.66 409.33 4019.9799999999996 9462 2411.0400000000004 401.28333333333336 4016.173333333334 265 2376.83 414.0 4446.83 9087 2426.883333333333 413.82666666666665 4496.016666666666 236 
    87 2637.76 479.28 3596.32 8277 2688.28 408.4566666666667 3505.1933333333336 268 2687.02 478.4 4122.219999999999 8241 2715.4133333333334 386.3033333333333 3874.3233333333333 275 2630.88 1407.75 2630.88 6726 2540.693333333333 1127.3366666666668 2540.693333333333 283 2640.29 517.36 3157.65 8096 2679.11 431.4200000000001 3110.53 274 2727.11 444.68 5395.1900000000005 8567 2713.22 383.43333333333334 5013.82 268 2697.77 407.63 5551.18 9290 2725.71 381.5233333333333 5396.373333333333 271 2653.82 438.8 4409.02 8529 2706.23 381.46000000000004 4232.07 281 2701.01 371.43 4558.16 10329 2719.486666666666 371.42333333333335 4576.603333333333 270 
    178 2755.24 431.75 3618.74 8310 2755.7466666666664 402.71000000000004 3561.1666666666665 257 2735.29 421.88 4000.93 8428 2754.8266666666664 387.4666666666667 3917.2266666666665 261 2691.22 1266.56 2691.22 7288 2635.6566666666668 1089.3866666666665 2635.6566666666668 266 2713.87 574.97 3288.84 8248 2723.403333333333 428.15000000000003 3151.5533333333333 267 2760.52 383.0 5058.52 8983 2765.5533333333333 386.6333333333334 5085.3533333333335 275 2763.87 356.77 5261.26 9653 2772.4500000000003 371.29999999999995 5371.549999999999 273 2720.43 514.48 4778.35 8225 2766.35 392.74 4337.3099999999995 260 2740.84 380.46 4643.14 9070 2763.5733333333333 371.4766666666667 4620.956666666667 262 
    241 2274.37 393.72 3061.81 8867 2321.1299999999997 357.59999999999997 3036.3299999999995 256 2264.96 382.9 3413.66 8799 2322.2233333333334 341.31666666666666 3346.173333333333 257 2283.02 737.41 2283.02 7723 2241.14 650.25 2241.14 274 2313.45 392.52 2705.97 8482 2296.77 371.8333333333333 2668.6033333333335 259 2337.62 385.89 4652.96 8984 2340.35 322.94666666666666 4278.03 269 2338.54 370.7 4933.4400000000005 9329 2352.8799999999997 317.0566666666667 4572.276666666667 262 2310.49 387.74 3861.45 8647 2307.9300000000003 338.71666666666664 3662.796666666667 268 2357.34 387.95 4297.09 8872 2349.42 335.3066666666667 4025.9533333333334 267 
    371 2605.56 360.98 3327.52 9152 2596.65 324.0366666666667 3244.7233333333334 265 2564.17 384.37 3717.28 9332 2591.28 313.11 3530.61 269 2589.1 1035.87 2589.1 7692 2529.6833333333334 1069.3266666666668 2529.6833333333334 263 2610.71 343.87 2954.58 9071 2576.116666666667 353.26666666666665 2929.383333333333 257 2580.06 365.8 4774.860000000001 10050 2599.3866666666668 313.1333333333333 4478.1866666666665 264 2565.43 359.02 5078.57 10323 2610.6499999999996 315.24333333333334 4817.353333333333 269 2660.43 382.02 4188.51 9067 2613.713333333333 317.7866666666667 3884.8599999999997 268 2633.55 374.4 4505.55 9553 2599.89 317.25333333333333 4186.156666666667 268 
    106 2314.01 389.18 3092.3700000000003 9490 2327.44 321.31 2970.06 269 2369.04 402.67 3577.05 9042 2331.0366666666664 305.53999999999996 3247.6566666666663 263 2303.23 791.15 2303.23 8046 2244.9500000000003 682.1133333333332 2244.9500000000003 270 2307.11 423.0 2730.11 9662 2298.816666666666 364.18 2662.996666666666 258 2318.99 400.66 4722.95 8885 2358.1533333333336 296.5933333333333 4137.713333333333 258 2309.02 416.29 5223.05 9568 2339.48 298.26666666666665 4427.346666666666 262 2333.77 352.75 3744.77 9058 2336.2533333333336 285.14000000000004 3476.8133333333335 265 2333.4 362.95 4148.15 9742 2335.24 301.10999999999996 3840.7899999999995 258 

data set 5 n=1 to n=16:
(running only SA, as HC takes a long time)

    seeds HillH1_1 HillH2_1 HillHT_1 HillExec1 SAH1_1 SAH2_1 SAHT_1 SAExec1 HillH1_2 HillH2_2 HillHT_2 HillExec2 SAH1_2 SAH2_2 SAHT_2 SAExec2 HillH1_3 HillH2_3 HillHT_3 HillExec3 SAH1_3 SAH2_3 SAHT_3 SAExec3 HillH1_4 HillH2_4 HillHT_4 HillExec4 SAH1_4 SAH2_4 SAHT_4 SAExec4 HillH1_5 HillH2_5 HillHT_5 HillExec5 SAH1_5 SAH2_5 SAHT_5 SAExec5 HillH1_6 HillH2_6 HillHT_6 HillExec6 SAH1_6 SAH2_6 SAHT_6 SAExec6 HillH1_7 HillH2_7 HillHT_7 HillExec7 SAH1_7 SAH2_7 SAHT_7 SAExec7 HillH1_8 HillH2_8 HillHT_8 HillExec8 SAH1_8 SAH2_8 SAHT_8 SAExec8 HillH1_9 HillH2_9 HillHT_9 HillExec9 SAH1_9 SAH2_9 SAHT_9 SAExec9 HillH1_10 HillH2_10 HillHT_10 HillExec10 SAH1_10 SAH2_10 SAHT_10 SAExec10 HillH1_11 HillH2_11 HillHT_11 HillExec11 SAH1_11 SAH2_11 SAHT_11 SAExec11 HillH1_12 HillH2_12 HillHT_12 HillExec12 SAH1_12 SAH2_12 SAHT_12 SAExec12 HillH1_13 HillH2_13 HillHT_13 HillExec13 SAH1_13 SAH2_13 SAHT_13 SAExec13 HillH1_14 HillH2_14 HillHT_14 HillExec14 SAH1_14 SAH2_14 SAHT_14 SAExec14 HillH1_15 HillH2_15 HillHT_15 HillExec15 SAH1_15 SAH2_15 SAHT_15 SAExec15 HillH1_16 HillH2_16 HillHT_16 HillExec16 SAH1_16 SAH2_16 SAHT_16 SAExec16
    195 0.0 0.0 0.0 0 2666.0666666666666 407.6433333333334 3481.3533333333335 955 0.0 0.0 0.0 0 2696.5433333333335 388.40000000000003 3861.743333333334 397 0.0 0.0 0.0 0 2521.2166666666667 1017.6833333333333 2521.2166666666667 754 0.0 0.0 0.0 0 2675.6666666666665 442.73 3118.3966666666665 1131 0.0 0.0 0.0 0 2709.2033333333334 378.8733333333333 4982.443333333333 286 0.0 0.0 0.0 0 2723.61 367.51666666666665 5296.226666666667 299 0.0 0.0 0.0 0 2687.22 393.03999999999996 4259.379999999999 316 0.0 0.0 0.0 0 2682.24 394.83666666666664 4656.423333333333 292 0.0 0.0 0.0 0 2723.9500000000003 373.24 6456.35 275 0.0 0.0 0.0 0 2678.2066666666665 368.82666666666665 6735.299999999999 309 0.0 0.0 0.0 0 2692.4933333333333 373.25 5678.493333333334 296 0.0 0.0 0.0 0 2722.24 375.1066666666666 6098.199999999999 287 0.0 0.0 0.0 0 2738.7933333333335 372.2133333333333 7949.780000000001 287 0.0 0.0 0.0 0 2757.52 365.27333333333337 8236.62 303 0.0 0.0 0.0 0 2702.17 371.05 7154.77 277 0.0 0.0 0.0 0 2706.4933333333333 371.34666666666664 7534.0 268 
    379 0.0 0.0 0.0 0 2691.8633333333332 423.37999999999994 3538.623333333333 273 0.0 0.0 0.0 0 2698.5333333333333 408.22 3923.1933333333336 321 0.0 0.0 0.0 0 2510.07 1182.6333333333334 2510.07 301 0.0 0.0 0.0 0 2620.19 444.0566666666667 3064.246666666667 311 0.0 0.0 0.0 0 2707.063333333333 399.4533333333334 5103.783333333333 315 0.0 0.0 0.0 0 2695.6 409.41 5561.47 286 0.0 0.0 0.0 0 2687.313333333333 388.7166666666667 4242.18 295 0.0 0.0 0.0 0 2691.9733333333334 411.26 4748.2733333333335 291 0.0 0.0 0.0 0 2706.1966666666663 401.46000000000004 6720.796666666667 283 0.0 0.0 0.0 0 2720.2033333333334 392.1433333333334 7033.780000000001 291 0.0 0.0 0.0 0 2712.3133333333335 384.10999999999996 5785.193333333333 298 0.0 0.0 0.0 0 2714.7833333333333 394.8 6267.983333333334 289 0.0 0.0 0.0 0 2714.8233333333333 398.00333333333333 8286.87 319 0.0 0.0 0.0 0 2699.4666666666667 385.26 8478.366666666667 281 0.0 0.0 0.0 0 2744.883333333333 389.4066666666667 7417.763333333333 265 0.0 0.0 0.0 0 2719.2533333333336 388.9466666666667 7775.560000000001 290 
    394 0.0 0.0 0.0 0 2540.8399999999997 364.16333333333336 3269.1666666666665 287 0.0 0.0 0.0 0 2558.55 356.84 3629.07 285 0.0 0.0 0.0 0 2441.5433333333335 815.39 2441.5433333333335 309 0.0 0.0 0.0 0 2515.65 376.74666666666667 2892.3966666666665 317 0.0 0.0 0.0 0 2554.2599999999998 335.7233333333333 4568.599999999999 286 0.0 0.0 0.0 0 2555.1000000000004 337.0 4914.1 283 0.0 0.0 0.0 0 2561.13 355.2366666666667 3982.076666666667 301 0.0 0.0 0.0 0 2538.68 344.01 4258.73 304 0.0 0.0 0.0 0 2581.693333333333 332.08333333333337 5902.526666666667 287 0.0 0.0 0.0 0 2574.266666666667 337.8233333333333 6290.323333333334 281 0.0 0.0 0.0 0 2557.6333333333337 344.00333333333333 5309.66 297 0.0 0.0 0.0 0 2569.0633333333335 341.34999999999997 5641.213333333333 288 0.0 0.0 0.0 0 2577.2400000000002 326.6 7149.640000000001 281 0.0 0.0 0.0 0 2581.3566666666666 339.28666666666663 7670.656666666666 276 0.0 0.0 0.0 0 2579.4599999999996 349.8933333333334 6778.18 295 0.0 0.0 0.0 0 2570.56 336.1933333333333 6941.073333333334 281 
    213 0.0 0.0 0.0 0 2498.693333333333 374.15333333333336 3247.0 272 0.0 0.0 0.0 0 2504.6300000000006 343.0666666666666 3533.8300000000004 286 0.0 0.0 0.0 0 2435.9 708.6633333333333 2435.9 313 0.0 0.0 0.0 0 2484.066666666667 382.8566666666666 2866.9233333333336 292 0.0 0.0 0.0 0 2540.4666666666667 333.8633333333333 4543.6466666666665 299 0.0 0.0 0.0 0 2535.3033333333333 323.94666666666666 4802.93 299 0.0 0.0 0.0 0 2505.383333333333 335.96000000000004 3849.2233333333334 299 0.0 0.0 0.0 0 2527.1866666666665 340.60333333333335 4230.203333333333 298 0.0 0.0 0.0 0 2529.7066666666665 314.16333333333336 5671.34 285 0.0 0.0 0.0 0 2563.3766666666666 301.2166666666667 5876.76 281 0.0 0.0 0.0 0 2547.0533333333333 314.34000000000003 5061.7733333333335 289 0.0 0.0 0.0 0 2529.48 317.8833333333333 5390.43 288 0.0 0.0 0.0 0 2532.7666666666664 334.19 7211.426666666666 281 0.0 0.0 0.0 0 2548.2066666666665 316.57666666666665 7296.856666666667 288 0.0 0.0 0.0 0 2526.5333333333333 324.6066666666666 6421.8133333333335 299 0.0 0.0 0.0 0 2547.103333333333 310.86333333333334 6588.326666666666 303 
    109 0.0 0.0 0.0 0 2629.7133333333336 368.6766666666667 3367.066666666667 276 0.0 0.0 0.0 0 2633.02 353.87000000000006 3694.63 276 0.0 0.0 0.0 0 2544.0466666666666 916.8933333333333 2544.0466666666666 279 0.0 0.0 0.0 0 2608.1633333333334 396.64000000000004 3004.8033333333333 282 0.0 0.0 0.0 0 2660.5 328.87333333333333 4633.74 273 0.0 0.0 0.0 0 2672.5833333333335 321.46666666666664 4922.85 275 0.0 0.0 0.0 0 2647.72 345.96333333333337 4031.5733333333333 280 0.0 0.0 0.0 0 2640.9466666666667 342.9066666666667 4355.4800000000005 269 0.0 0.0 0.0 0 2660.84 315.47333333333336 5815.573333333334 268 0.0 0.0 0.0 0 2663.846666666667 322.1666666666667 6207.68 281 0.0 0.0 0.0 0 2633.94 323.8333333333333 5224.606666666667 278 0.0 0.0 0.0 0 2690.0433333333335 324.7733333333333 5613.003333333334 274 0.0 0.0 0.0 0 2691.84 321.27666666666664 7189.713333333333 279 0.0 0.0 0.0 0 2665.816666666667 310.6366666666667 7325.366666666669 274 0.0 0.0 0.0 0 2689.56 324.99 6589.4400000000005 279 0.0 0.0 0.0 0 2663.056666666667 309.9666666666667 6692.623333333334 273 
    12 0.0 0.0 0.0 0 2137.6766666666667 329.84666666666664 2797.37 270 0.0 0.0 0.0 0 2150.013333333334 320.0 3110.013333333334 268 0.0 0.0 0.0 0 2079.0066666666667 523.72 2079.0066666666667 283 0.0 0.0 0.0 0 2108.016666666667 378.47666666666663 2486.4933333333333 272 0.0 0.0 0.0 0 2164.983333333333 313.29333333333335 4044.7433333333333 269 0.0 0.0 0.0 0 2174.6266666666666 317.2033333333333 4395.049999999999 277 0.0 0.0 0.0 0 2141.6866666666665 312.8233333333333 3392.9799999999996 293 0.0 0.0 0.0 0 2153.36 324.0466666666666 3773.5933333333332 263 0.0 0.0 0.0 0 2166.3866666666668 314.32 5309.586666666666 259 0.0 0.0 0.0 0 2182.52 305.36999999999995 5541.589999999999 261 0.0 0.0 0.0 0 2185.47 300.1333333333333 4586.536666666667 264 0.0 0.0 0.0 0 2153.846666666667 302.47666666666663 4876.136666666666 257 0.0 0.0 0.0 0 2187.83 314.59 6592.089999999999 284 0.0 0.0 0.0 0 2174.0833333333335 280.8 6386.083333333334 268 0.0 0.0 0.0 0 2168.47 311.00333333333333 5900.51 280 0.0 0.0 0.0 0 2154.7966666666666 302.52666666666664 6087.643333333333 267 
    90 0.0 0.0 0.0 0 2485.9933333333333 364.10999999999996 3214.213333333333 280 0.0 0.0 0.0 0 2447.6566666666668 347.2633333333333 3489.4466666666667 279 0.0 0.0 0.0 0 2352.9933333333333 747.8299999999999 2352.9933333333333 280 0.0 0.0 0.0 0 2424.8266666666673 358.3866666666666 2783.213333333334 274 0.0 0.0 0.0 0 2476.9633333333336 328.76666666666665 4449.5633333333335 268 0.0 0.0 0.0 0 2462.1166666666663 327.82666666666665 4756.903333333333 292 0.0 0.0 0.0 0 2486.32 341.4266666666667 3852.0266666666666 272 0.0 0.0 0.0 0 2483.1866666666665 358.24333333333334 4274.403333333334 277 0.0 0.0 0.0 0 2476.1266666666666 326.5933333333333 5742.0599999999995 278 0.0 0.0 0.0 0 2458.6133333333332 352.62999999999994 6337.543333333333 280 0.0 0.0 0.0 0 2497.2066666666665 345.8066666666666 5263.66 293 0.0 0.0 0.0 0 2496.8333333333335 342.72333333333336 5581.343333333334 269 0.0 0.0 0.0 0 2553.27 334.95666666666665 7242.663333333334 266 0.0 0.0 0.0 0 2463.2833333333333 326.62 7362.583333333334 314 0.0 0.0 0.0 0 2490.5099999999998 339.46 6564.029999999999 264 0.0 0.0 0.0 0 2487.1066666666666 329.16333333333336 6766.2300000000005 330 
    321 0.0 0.0 0.0 0 2463.2933333333335 385.42 3234.1333333333337 299 0.0 0.0 0.0 0 2446.5066666666667 371.6966666666667 3561.596666666667 270 0.0 0.0 0.0 0 2385.43 712.8100000000001 2385.43 275 0.0 0.0 0.0 0 2439.78 409.1333333333334 2848.9133333333334 277 0.0 0.0 0.0 0 2476.2000000000003 360.8633333333334 4641.380000000001 271 0.0 0.0 0.0 0 2481.8399999999997 367.19 5052.17 270 0.0 0.0 0.0 0 2471.27 364.4433333333333 3929.043333333333 276 0.0 0.0 0.0 0 2499.056666666667 381.4633333333333 4406.373333333333 265 0.0 0.0 0.0 0 2470.07 360.68666666666667 6076.9366666666665 270 0.0 0.0 0.0 0 2508.1066666666666 359.61999999999995 6463.926666666666 289 0.0 0.0 0.0 0 2470.4533333333334 351.31666666666666 5280.986666666667 270 0.0 0.0 0.0 0 2500.7233333333334 348.5566666666667 5637.733333333334 281 0.0 0.0 0.0 0 2530.7066666666665 344.63000000000005 7355.526666666667 274 0.0 0.0 0.0 0 2504.1066666666666 344.0733333333333 7665.206666666666 279 0.0 0.0 0.0 0 2512.4366666666665 358.8733333333333 6818.916666666666 271 0.0 0.0 0.0 0 2459.2100000000005 349.81666666666666 7006.826666666668 274 
    240 0.0 0.0 0.0 0 2085.596666666667 334.10999999999996 2753.8166666666666 252 0.0 0.0 0.0 0 2113.713333333333 319.9066666666667 3073.4333333333334 252 0.0 0.0 0.0 0 2042.3633333333335 499.62000000000006 2042.3633333333335 253 0.0 0.0 0.0 0 2100.0 390.07666666666665 2490.076666666667 251 0.0 0.0 0.0 0 2118.41 312.63000000000005 3994.19 256 0.0 0.0 0.0 0 2127.736666666666 320.49666666666667 4371.213333333333 266 0.0 0.0 0.0 0 2122.8566666666666 333.1433333333334 3455.4300000000003 251 0.0 0.0 0.0 0 2106.123333333333 321.3533333333333 3712.8899999999994 251 0.0 0.0 0.0 0 2150.1566666666663 306.7633333333333 5217.789999999999 254 0.0 0.0 0.0 0 2132.32 325.1366666666667 5708.823333333334 252 0.0 0.0 0.0 0 2110.103333333333 314.97999999999996 4629.943333333333 248 0.0 0.0 0.0 0 2148.213333333333 329.32666666666665 5112.153333333334 265 0.0 0.0 0.0 0 2151.183333333334 315.80333333333334 6572.43 276 0.0 0.0 0.0 0 2158.2366666666667 309.0233333333333 6793.586666666666 260 0.0 0.0 0.0 0 2133.693333333333 321.82 5995.533333333333 262 0.0 0.0 0.0 0 2136.906666666667 303.8666666666666 6087.173333333333 265 
    77 0.0 0.0 0.0 0 2476.0499999999997 348.3933333333334 3172.8366666666666 262 0.0 0.0 0.0 0 2481.463333333333 342.85999999999996 3510.043333333333 282 0.0 0.0 0.0 0 2357.8366666666666 901.7533333333334 2357.8366666666666 306 0.0 0.0 0.0 0 2447.566666666667 363.3766666666667 2810.9433333333336 267 0.0 0.0 0.0 0 2488.33 336.13000000000005 4505.110000000001 275 0.0 0.0 0.0 0 2491.48 307.5233333333333 4644.143333333333 277 0.0 0.0 0.0 0 2483.08 326.2466666666666 3788.0666666666666 272 0.0 0.0 0.0 0 2512.9266666666667 309.96666666666664 4062.76 273 0.0 0.0 0.0 0 2502.353333333333 310.06 5602.953333333333 272 0.0 0.0 0.0 0 2505.713333333333 319.60333333333335 6021.35 273 0.0 0.0 0.0 0 2498.2799999999997 314.5733333333333 5014.866666666667 268 0.0 0.0 0.0 0 2500.9933333333333 307.7166666666667 5270.443333333334 278 0.0 0.0 0.0 0 2519.6766666666667 309.49333333333334 6852.583333333334 277 0.0 0.0 0.0 0 2506.39 301.5833333333333 7030.139999999999 293 0.0 0.0 0.0 0 2491.8533333333335 304.2733333333333 6143.133333333333 311 0.0 0.0 0.0 0 2522.0399999999995 311.7 6574.139999999999 288 


Conclusiones:
Mientras que la primera heuristica guia al algoritmo a minimizar el tiempo total de rescate entre todos los helicopteros,
la segunda heuristica lo guia tambien a minimizar la tardancia en rescatar al ultimo grupo de prioridad.

Comparando los resultados de la heuristica antigua con la nueva vemos que en HC el primer criterio a optimizar
y el tiempo de ejecucion empeoran ligeramente y en SA solo el primer criterio a optimizar empeora.
[Archivos relacionados con esta comparativa en la carpeta ComparisonOldNew]
[Ejecucion de los t.test guardada en exp7ttest1.txt]
[Boxplots de comparacion Old vs New Exp7HillH1ComparisonWOld.png Exp7HillExecComparisonWOld.png Exp7SAH1ComparisonWOld.png Exp7SAExecComparisonWOld.png]

Observando los boxplots donde el axis inferior representa N en la formula de ponderacion heuristica = h1+h2*2^(n-1)
vemos que tanto HC como SA cambian de forma similar conforme aumentamos N.
La h1 (criterio 1) se mantiene relativamente constante, al igual que h2 (criterio 2 sin ponderar) i el tiempo de ejecucion.
Notamos una extraña excepcion para N=3, donde h2 es casi 3 veces peor que en cualquier otro valor de N, la cual se mantiene
aun repetiendo el experimento con seeds diferentes.
La hT (suma de h1 +  h2 con la ponderacion mencionada) muestra un patron para cada cuatro valores de N, por ejemplo
entre N=1 y N=2 hT empeora, pero en N=3 se vuelve mejor que N=1 y en N=4 empeora respecto a N=3, pero sigue siendo ligeramente
mejor que N=1.
Aparte de este patron, hT parece aumentar linealmente con N, en vez de exponencialmente como habiamos pensado
incialmente. Esto se ve más claramente en un boxplot para N=16, que hicimos unicamente con SA dado que el
el comportamiento de hT era el mismo en HC que en SA en N=8 y HC hubiera tardado una cantidad excesiva
de tiempo en ejecutarse.
[Imagenes de los boxplots en la carpeta ComparisonPonderations]
[Los archivos *N16.png son los que se corrieron solo con SA con N=16]
[El resto son lo que pone en su nombre con N=8]

Tambien hicimos un cambio en la segunda heuristica en el cual para cada grupo de prioridad del ultimo vuelo que
que tenga algun grupo de prioridad de cada helicoptero sumabamos 10m al tiempo maximo de rescate de ese ultimo
grupo de prioridad.
Comparando los datos para N=6 no observamos diferencia con la heuristica anterior.
[Imagenes de los boxplots de esta en la carpeta BoxplotsExtra10m]