LAMBDA Y K

steps = 15000, stiter = 100

-1:
double lambdas[] = {1,0.01,0.0001};
int ks[] = {1,5,25,125};

Gráfico 3D de las medias, según lambda y k: Rplotini.png

seed lambda k value exec_time
129  1.0 1 2465.19 109.0
129  1.0 5 2487.94 49.0
129  1.0 25 2476.47 35.0
129  1.0 125 2569.79 28.0
129  0.01 1 2108.38 541.0
129  0.01 5 2136.34 500.0
129  0.01 25 2153.98 292.0
129  0.01 125 2146.2 257.0
129  1.0E-4 1 2129.84 140.0
129  1.0E-4 5 2165.56 69.0
129  1.0E-4 25 2373.43 89.0
129  1.0E-4 125 2532.27 65.0
301  1.0 1 2544.41 4.0
301  1.0 5 2516.46 5.0
301  1.0 25 2517.67 6.0
301  1.0 125 2575.47 4.0
301  0.01 1 2208.39 88.0
301  0.01 5 2266.71 96.0
301  0.01 25 2219.69 75.0
301  0.01 125 2210.73 74.0
301  1.0E-4 1 2240.25 65.0
301  1.0E-4 5 2233.98 72.0
301  1.0E-4 25 2428.28 65.0
301  1.0E-4 125 2722.03 68.0
359  1.0 1 2151.59 3.0
359  1.0 5 2234.84 3.0
359  1.0 25 2226.85 4.0
359  1.0 125 2278.91 3.0
359  0.01 1 1822.11 72.0
359  0.01 5 1865.47 90.0
359  0.01 25 1847.12 91.0
359  0.01 125 1820.89 69.0
359  1.0E-4 1 1839.74 65.0
359  1.0E-4 5 1873.48 67.0
359  1.0E-4 25 2106.55 63.0
359  1.0E-4 125 2439.72 78.0
287  1.0 1 2689.95 4.0
287  1.0 5 2680.22 4.0
287  1.0 25 2681.83 4.0
287  1.0 125 2671.87 4.0
287  0.01 1 2294.01 79.0
287  0.01 5 2309.56 71.0
287  0.01 25 2310.85 72.0
287  0.01 125 2328.48 74.0
287  1.0E-4 1 2310.47 76.0
287  1.0E-4 5 2329.11 71.0
287  1.0E-4 25 2567.4 89.0
287  1.0E-4 125 2769.36 94.0
18  1.0 1 2584.46 6.0
18  1.0 5 2613.26 5.0
18  1.0 25 2661.91 6.0
18  1.0 125 2756.96 5.0
18  0.01 1 2333.56 102.0
18  0.01 5 2366.11 81.0
18  0.01 25 2333.53 73.0
18  0.01 125 2322.84 75.0
18  1.0E-4 1 2336.01 68.0
18  1.0E-4 5 2361.23 70.0
18  1.0E-4 25 2502.16 69.0
18  1.0E-4 125 2875.4 70.0
87  1.0 1 2542.72 4.0
87  1.0 5 2563.37 4.0
87  1.0 25 2662.79 4.0
87  1.0 125 2615.29 3.0
87  0.01 1 2279.42 71.0
87  0.01 5 2220.3 74.0
87  0.01 25 2232.17 71.0
87  0.01 125 2263.97 68.0
87  1.0E-4 1 2242.45 71.0
87  1.0E-4 5 2244.07 70.0
87  1.0E-4 25 2436.2 70.0
87  1.0E-4 125 2687.75 70.0
110  1.0 1 2776.96 3.0
110  1.0 5 2672.71 4.0
110  1.0 25 2692.69 4.0
110  1.0 125 2810.18 4.0
110  0.01 1 2422.71 72.0
110  0.01 5 2406.03 76.0
110  0.01 25 2453.45 77.0
110  0.01 125 2464.38 75.0
110  1.0E-4 1 2449.36 70.0
110  1.0E-4 5 2428.67 73.0
110  1.0E-4 25 2585.85 72.0
110  1.0E-4 125 2953.83 72.0
244  1.0 1 2425.8 3.0
244  1.0 5 2455.87 3.0
244  1.0 25 2377.87 4.0
244  1.0 125 2492.79 4.0
244  0.01 1 2102.07 69.0
244  0.01 5 2146.98 71.0
244  0.01 25 2082.67 74.0
244  0.01 125 2128.63 69.0
244  1.0E-4 1 2101.53 64.0
244  1.0E-4 5 2104.13 64.0
244  1.0E-4 25 2360.55 65.0
244  1.0E-4 125 2770.64 66.0
377  1.0 1 2433.3 3.0
377  1.0 5 2411.12 3.0
377  1.0 25 2603.0 4.0
377  1.0 125 2537.84 5.0
377  0.01 1 2171.89 69.0
377  0.01 5 2127.53 73.0
377  0.01 25 2178.81 73.0
377  0.01 125 2133.12 71.0
377  1.0E-4 1 2137.55 67.0
377  1.0E-4 5 2150.5 67.0
377  1.0E-4 25 2374.15 67.0
377  1.0E-4 125 2689.16 67.0
223  1.0 1 2406.85 4.0
223  1.0 5 2302.31 3.0
223  1.0 25 2375.59 3.0
223  1.0 125 2410.48 3.0
223  0.01 1 1949.77 71.0
223  0.01 5 1982.55 67.0
223  0.01 25 1970.63 67.0
223  0.01 125 1991.17 70.0
223  1.0E-4 1 1972.83 64.0
223  1.0E-4 5 1998.98 65.0
223  1.0E-4 25 2274.56 63.0
223  1.0E-4 125 2537.53 65.0



-2:
double lambdas[] = {0.1,0.01,0.001};
int ks[] = {1,5,25,125};

Gráfico 3D de las medias, según lambda y k: Rplotfunc2.png

seed lambda k value exec_time
68  0.1 1 2154.99 362.0
68  0.1 5 2182.75 221.0
68  0.1 25 2195.86 165.0
68  0.1 125 2162.22 225.0
68  0.01 1 2128.11 543.0
68  0.01 5 2138.91 569.0
68  0.01 25 2145.08 293.0
68  0.01 125 2188.42 256.0
68  0.001 1 2135.63 223.0
68  0.001 5 2136.14 93.0
68  0.001 25 2136.14 145.0
68  0.001 125 2123.59 138.0
245  0.1 1 2099.15 36.0
245  0.1 5 2061.08 43.0
245  0.1 25 2083.63 38.0
245  0.1 125 2071.73 37.0
245  0.01 1 2092.5 86.0
245  0.01 5 2072.53 86.0
245  0.01 25 2013.32 85.0
245  0.01 125 2050.82 102.0
245  0.001 1 2009.6 93.0
245  0.001 5 2073.35 102.0
245  0.001 25 2026.53 100.0
245  0.001 125 2012.61 125.0
66  0.1 1 2318.24 147.0
66  0.1 5 2344.13 198.0
66  0.1 25 2358.99 71.0
66  0.1 125 2315.3 40.0
66  0.01 1 2311.02 104.0
66  0.01 5 2336.9 88.0
66  0.01 25 2293.01 94.0
66  0.01 125 2301.82 82.0
66  0.001 1 2334.59 1201.0
66  0.001 5 2288.84 75.0
66  0.001 25 2312.14 96.0
66  0.001 125 2309.46 78.0
185  0.1 1 2188.9 37.0
185  0.1 5 2209.15 69.0
185  0.1 25 2169.91 78.0
185  0.1 125 2162.67 38.0
185  0.01 1 2170.26 79.0
185  0.01 5 2146.64 308.0
185  0.01 25 2141.3 111.0
185  0.01 125 2169.16 114.0
185  0.001 1 2129.24 71.0
185  0.001 5 2120.47 72.0
185  0.001 25 2155.12 71.0
185  0.001 125 2125.72 71.0
193  0.1 1 2170.21 34.0
193  0.1 5 2206.21 34.0
193  0.1 25 2194.36 34.0
193  0.1 125 2190.01 33.0
193  0.01 1 2157.1 67.0
193  0.01 5 2174.37 69.0
193  0.01 25 2192.64 70.0
193  0.01 125 2189.52 66.0
193  0.001 1 2180.4 65.0
193  0.001 5 2145.04 66.0
193  0.001 25 2150.35 65.0
193  0.001 125 2175.71 66.0
247  0.1 1 2088.2 33.0
247  0.1 5 2055.76 34.0
247  0.1 25 2078.18 33.0
247  0.1 125 2080.06 33.0
247  0.01 1 2078.3 66.0
247  0.01 5 2013.81 76.0
247  0.01 25 2110.13 65.0
247  0.01 125 2021.21 70.0
247  0.001 1 2039.15 66.0
247  0.001 5 2044.19 67.0
247  0.001 25 2016.77 67.0
247  0.001 125 2071.24 65.0
171  0.1 1 2551.04 37.0
171  0.1 5 2540.75 36.0
171  0.1 25 2554.44 41.0
171  0.1 125 2562.34 40.0
171  0.01 1 2524.68 77.0
171  0.01 5 2508.8 76.0
171  0.01 25 2511.48 75.0
171  0.01 125 2513.95 77.0
171  0.001 1 2525.22 77.0
171  0.001 5 2487.93 73.0
171  0.001 25 2512.39 70.0
171  0.001 125 2516.34 72.0
151  0.1 1 2196.57 43.0
151  0.1 5 2155.54 59.0
151  0.1 25 2163.67 41.0
151  0.1 125 2147.56 44.0
151  0.01 1 2110.64 84.0
151  0.01 5 2101.84 78.0
151  0.01 25 2142.74 80.0
151  0.01 125 2096.67 80.0
151  0.001 1 2101.22 78.0
151  0.001 5 2124.07 84.0
151  0.001 25 2101.25 68.0
151  0.001 125 2112.1 79.0
351  0.1 1 2318.94 45.0
351  0.1 5 2321.57 51.0
351  0.1 25 2318.13 45.0
351  0.1 125 2356.39 42.0
351  0.01 1 2279.86 85.0
351  0.01 5 2277.23 85.0
351  0.01 25 2298.34 81.0
351  0.01 125 2293.87 84.0
351  0.001 1 2331.41 78.0
351  0.001 5 2321.18 80.0
351  0.001 25 2297.99 80.0
351  0.001 125 2275.06 100.0
20  0.1 1 2113.0 40.0
20  0.1 5 2174.65 36.0
20  0.1 25 2145.92 45.0
20  0.1 125 2141.81 32.0
20  0.01 1 2117.08 72.0
20  0.01 5 2108.57 74.0
20  0.01 25 2121.51 67.0
20  0.01 125 2110.4 65.0
20  0.001 1 2132.9 64.0
20  0.001 5 2123.95 64.0
20  0.001 25 2128.59 63.0
20  0.001 125 2120.02 66.0

3:

double lambdas[] = {0.001};
int ks[] = {1,5,25,50,100,125};

Gráfico 2D de los valores según k: plotfunc3.png

seed lambda k value exec_time
284  0.001 1 2142.23 688.0
284  0.001 5 2158.53 463.0
284  0.001 25 2150.27 547.0
284  0.001 50 2152.1 507.0
284  0.001 100 2160.38 371.0
284  0.001 125 2126.85 314.0
271  0.001 1 2096.74 193.0
271  0.001 5 2076.54 85.0
271  0.001 25 2103.31 99.0
271  0.001 50 2073.5 107.0
271  0.001 100 2077.96 70.0
271  0.001 125 2087.3 66.0
195  0.001 1 2203.91 66.0
195  0.001 5 2190.44 95.0
195  0.001 25 2229.52 64.0
195  0.001 50 2212.89 68.0
195  0.001 100 2233.57 64.0
195  0.001 125 2233.87 94.0
381  0.001 1 2054.23 97.0
381  0.001 5 2044.3 98.0
381  0.001 25 2047.41 86.0
381  0.001 50 2047.33 69.0
381  0.001 100 2075.01 65.0
381  0.001 125 2060.07 72.0
187  0.001 1 2097.05 69.0
187  0.001 5 2079.33 71.0
187  0.001 25 2106.79 68.0
187  0.001 50 2078.83 73.0
187  0.001 100 2104.52 64.0
187  0.001 125 2056.32 69.0
267  0.001 1 2312.75 64.0
267  0.001 5 2304.26 65.0
267  0.001 25 2281.88 67.0
267  0.001 50 2286.88 66.0
267  0.001 100 2298.42 78.0
267  0.001 125 2296.82 102.0
274  0.001 1 2125.24 695.0
274  0.001 5 2153.69 75.0
274  0.001 25 2104.4 79.0
274  0.001 50 2082.34 105.0
274  0.001 100 2132.62 82.0
274  0.001 125 2118.39 69.0
230  0.001 1 1813.03 99.0
230  0.001 5 1782.03 74.0
230  0.001 25 1795.27 74.0
230  0.001 50 1811.77 437.0
230  0.001 100 1813.78 64.0
230  0.001 125 1803.19 61.0
12  0.001 1 1840.79 64.0
12  0.001 5 1840.2 67.0
12  0.001 25 1847.13 63.0
12  0.001 50 1849.49 74.0
12  0.001 100 1821.02 63.0
12  0.001 125 1829.71 70.0
333  0.001 1 2002.51 64.0
333  0.001 5 2003.99 67.0
333  0.001 25 2010.41 74.0
333  0.001 50 1989.37 68.0
333  0.001 100 2004.25 67.0
333  0.001 125 1995.23 66.0



-4:

double lambdas[] = {0.01,0.001,0.0001};
int ks[] = {1,3,5,10,15,20,30};

Gráfico 3D de las medias, según lambda y k: Rplotfunc4.png

seed lambda k value exec_time
135  0.01 1 2276.38 709.0
135  0.01 3 2273.73 479.0
135  0.01 5 2290.05 428.0
135  0.01 10 2282.27 287.0
135  0.01 15 2331.45 245.0
135  0.01 20 2299.95 343.0
135  0.01 30 2299.23 270.0
135  0.001 1 2277.73 295.0
135  0.001 3 2271.83 288.0
135  0.001 5 2260.91 298.0
135  0.001 10 2270.44 279.0
135  0.001 15 2271.21 309.0
135  0.001 20 2244.61 332.0
135  0.001 30 2255.22 327.0
135  1.0E-4 1 2266.12 299.0
135  1.0E-4 3 2266.74 94.0
135  1.0E-4 5 2250.93 115.0
135  1.0E-4 10 2318.59 118.0
135  1.0E-4 15 2356.31 131.0
135  1.0E-4 20 2404.37 85.0
135  1.0E-4 30 2526.93 70.0
260  0.01 1 2397.66 118.0
260  0.01 3 2422.1 71.0
260  0.01 5 2399.72 71.0
260  0.01 10 2394.06 77.0
260  0.01 15 2395.49 69.0
260  0.01 20 2405.7 79.0
260  0.01 30 2397.15 72.0
260  0.001 1 2407.18 74.0
260  0.001 3 2375.77 71.0
260  0.001 5 2376.89 69.0
260  0.001 10 2407.32 69.0
260  0.001 15 2411.32 66.0
260  0.001 20 2380.62 80.0
260  0.001 30 2414.18 98.0
260  1.0E-4 1 2380.03 98.0
260  1.0E-4 3 2386.22 68.0
260  1.0E-4 5 2401.4 80.0
260  1.0E-4 10 2446.66 67.0
260  1.0E-4 15 2509.06 66.0
260  1.0E-4 20 2530.29 67.0
260  1.0E-4 30 2661.43 65.0
261  0.01 1 2214.24 76.0
261  0.01 3 2189.4 73.0
261  0.01 5 2168.69 75.0
261  0.01 10 2191.65 78.0
261  0.01 15 2204.06 72.0
261  0.01 20 2190.24 72.0
261  0.01 30 2172.13 71.0
261  0.001 1 2204.18 69.0
261  0.001 3 2184.93 73.0
261  0.001 5 2223.06 68.0
261  0.001 10 2201.34 68.0
261  0.001 15 2178.59 75.0
261  0.001 20 2177.85 70.0
261  0.001 30 2184.15 68.0
261  1.0E-4 1 2202.95 66.0
261  1.0E-4 3 2186.96 77.0
261  1.0E-4 5 2176.23 68.0
261  1.0E-4 10 2261.82 66.0
261  1.0E-4 15 2327.85 70.0
261  1.0E-4 20 2347.03 83.0
261  1.0E-4 30 2430.46 67.0
8  0.01 1 2271.55 68.0
8  0.01 3 2236.86 77.0
8  0.01 5 2248.76 69.0
8  0.01 10 2259.68 70.0
8  0.01 15 2275.4 71.0
8  0.01 20 2268.66 71.0
8  0.01 30 2249.72 80.0
8  0.001 1 2261.23 71.0
8  0.001 3 2251.71 75.0
8  0.001 5 2275.49 69.0
8  0.001 10 2285.25 67.0
8  0.001 15 2246.19 77.0
8  0.001 20 2244.44 66.0
8  0.001 30 2266.99 68.0
8  1.0E-4 1 2264.37 69.0
8  1.0E-4 3 2288.21 71.0
8  1.0E-4 5 2267.08 83.0
8  1.0E-4 10 2286.15 81.0
8  1.0E-4 15 2327.54 83.0
8  1.0E-4 20 2407.23 75.0
8  1.0E-4 30 2477.48 66.0
108  0.01 1 2742.3 68.0
108  0.01 3 2743.02 70.0
108  0.01 5 2725.09 73.0
108  0.01 10 2695.87 74.0
108  0.01 15 2723.22 84.0
108  0.01 20 2710.99 71.0
108  0.01 30 2728.92 76.0
108  0.001 1 2743.72 69.0
108  0.001 3 2719.87 75.0
108  0.001 5 2703.37 73.0
108  0.001 10 2723.69 68.0
108  0.001 15 2724.05 71.0
108  0.001 20 2726.78 68.0
108  0.001 30 2745.07 69.0
108  1.0E-4 1 2748.86 65.0
108  1.0E-4 3 2720.13 68.0
108  1.0E-4 5 2717.96 73.0
108  1.0E-4 10 2777.96 75.0
108  1.0E-4 15 2835.91 68.0
108  1.0E-4 20 2952.6 70.0
108  1.0E-4 30 2979.33 73.0
166  0.01 1 2327.9 72.0
166  0.01 3 2320.13 70.0
166  0.01 5 2304.9 74.0
166  0.01 10 2310.44 70.0
166  0.01 15 2360.56 70.0
166  0.01 20 2303.87 70.0
166  0.01 30 2313.08 71.0
166  0.001 1 2352.09 71.0
166  0.001 3 2315.56 70.0
166  0.001 5 2338.02 77.0
166  0.001 10 2323.96 68.0
166  0.001 15 2319.65 69.0
166  0.001 20 2300.25 72.0
166  0.001 30 2297.14 70.0
166  1.0E-4 1 2331.14 70.0
166  1.0E-4 3 2331.29 67.0
166  1.0E-4 5 2329.29 67.0
166  1.0E-4 10 2332.19 68.0
166  1.0E-4 15 2375.12 68.0
166  1.0E-4 20 2490.76 70.0
166  1.0E-4 30 2530.64 67.0
266  0.01 1 2400.52 77.0
266  0.01 3 2426.45 73.0
266  0.01 5 2460.08 68.0
266  0.01 10 2410.92 71.0
266  0.01 15 2449.01 70.0
266  0.01 20 2429.65 79.0
266  0.01 30 2426.64 73.0
266  0.001 1 2427.36 72.0
266  0.001 3 2447.62 69.0
266  0.001 5 2415.04 69.0
266  0.001 10 2408.31 72.0
266  0.001 15 2430.02 69.0
266  0.001 20 2401.51 72.0
266  0.001 30 2377.8 79.0
266  1.0E-4 1 2415.18 70.0
266  1.0E-4 3 2388.67 74.0
266  1.0E-4 5 2418.06 68.0
266  1.0E-4 10 2465.04 70.0
266  1.0E-4 15 2570.14 71.0
266  1.0E-4 20 2628.65 104.0
266  1.0E-4 30 2697.82 68.0
29  0.01 1 2179.2 72.0
29  0.01 3 2168.86 71.0
29  0.01 5 2164.64 69.0
29  0.01 10 2195.15 73.0
29  0.01 15 2188.69 68.0
29  0.01 20 2150.59 69.0
29  0.01 30 2192.33 76.0
29  0.001 1 2171.31 68.0
29  0.001 3 2147.67 70.0
29  0.001 5 2185.01 66.0
29  0.001 10 2147.05 73.0
29  0.001 15 2166.55 67.0
29  0.001 20 2175.69 67.0
29  0.001 30 2164.17 77.0
29  1.0E-4 1 2169.28 66.0
29  1.0E-4 3 2164.45 68.0
29  1.0E-4 5 2189.49 66.0
29  1.0E-4 10 2217.14 66.0
29  1.0E-4 15 2284.82 67.0
29  1.0E-4 20 2315.77 66.0
29  1.0E-4 30 2375.68 70.0
209  0.01 1 2303.15 75.0
209  0.01 3 2289.27 68.0
209  0.01 5 2319.21 71.0
209  0.01 10 2319.6 72.0
209  0.01 15 2273.56 68.0
209  0.01 20 2326.71 74.0
209  0.01 30 2272.93 72.0
209  0.001 1 2305.31 68.0
209  0.001 3 2277.89 66.0
209  0.001 5 2267.61 67.0
209  0.001 10 2288.8 68.0
209  0.001 15 2273.31 83.0
209  0.001 20 2264.83 79.0
209  0.001 30 2276.54 68.0
209  1.0E-4 1 2288.96 66.0
209  1.0E-4 3 2319.41 64.0
209  1.0E-4 5 2301.27 67.0
209  1.0E-4 10 2352.24 66.0
209  1.0E-4 15 2354.27 64.0
209  1.0E-4 20 2373.39 65.0
209  1.0E-4 30 2496.97 72.0
208  0.01 1 2542.51 72.0
208  0.01 3 2517.11 72.0
208  0.01 5 2520.73 72.0
208  0.01 10 2499.52 72.0
208  0.01 15 2529.08 71.0
208  0.01 20 2540.99 76.0
208  0.01 30 2509.31 81.0
208  0.001 1 2513.02 73.0
208  0.001 3 2517.14 73.0
208  0.001 5 2535.65 71.0
208  0.001 10 2529.89 69.0
208  0.001 15 2557.11 68.0
208  0.001 20 2533.07 69.0
208  0.001 30 2500.29 73.0
208  1.0E-4 1 2547.1 68.0
208  1.0E-4 3 2533.27 74.0
208  1.0E-4 5 2503.63 71.0
208  1.0E-4 10 2620.0 67.0
208  1.0E-4 15 2595.66 73.0
208  1.0E-4 20 2631.36 75.0
208  1.0E-4 30 2742.12 71.0

-5:

double lambdas[] = {0.0015,0.001,0.0005};
int ks[] = {10,15,20,25,30};

Gráfico 3D de las medias, según lambda y k: Rplotfunc5.png

seed lambda k value exec_time
250  0.0015 10 2364.0 1181.0
250  0.0015 15 2317.97 767.0
250  0.0015 20 2326.23 372.0
250  0.0015 25 2343.03 90.0
250  0.0015 30 2349.18 223.0
250  0.001 10 2343.29 442.0
250  0.001 15 2378.24 100.0
250  0.001 20 2350.24 105.0
250  0.001 25 2338.36 114.0
250  0.001 30 2352.38 106.0
250  5.0E-4 10 2340.29 76.0
250  5.0E-4 15 2315.17 74.0
250  5.0E-4 20 2334.96 75.0
250  5.0E-4 25 2320.16 79.0
250  5.0E-4 30 2342.07 70.0
282  0.0015 10 2324.12 106.0
282  0.0015 15 2277.66 92.0
282  0.0015 20 2331.33 113.0
282  0.0015 25 2301.13 113.0
282  0.0015 30 2305.39 103.0
282  0.001 10 2321.02 78.0
282  0.001 15 2326.19 70.0
282  0.001 20 2322.64 70.0
282  0.001 25 2306.19 72.0
282  0.001 30 2302.63 69.0
282  5.0E-4 10 2324.73 68.0
282  5.0E-4 15 2278.83 71.0
282  5.0E-4 20 2320.55 74.0
282  5.0E-4 25 2337.22 74.0
282  5.0E-4 30 2325.12 74.0
375  0.0015 10 1990.16 74.0
375  0.0015 15 2025.03 65.0
375  0.0015 20 2016.6 71.0
375  0.0015 25 1981.69 66.0
375  0.0015 30 2016.67 81.0
375  0.001 10 1973.8 99.0
375  0.001 15 1995.13 91.0
375  0.001 20 2017.26 65.0
375  0.001 25 2034.11 65.0
375  0.001 30 2017.04 65.0
375  5.0E-4 10 1998.2 64.0
375  5.0E-4 15 2011.64 64.0
375  5.0E-4 20 2004.22 64.0
375  5.0E-4 25 1991.2 68.0
375  5.0E-4 30 1979.08 64.0
145  0.0015 10 2069.7 69.0
145  0.0015 15 2057.66 69.0
145  0.0015 20 2054.41 69.0
145  0.0015 25 2058.93 67.0
145  0.0015 30 2073.78 67.0
145  0.001 10 2039.62 68.0
145  0.001 15 2055.85 65.0
145  0.001 20 2062.2 65.0
145  0.001 25 2122.79 64.0
145  0.001 30 2063.98 72.0
145  5.0E-4 10 2057.05 65.0
145  5.0E-4 15 2076.33 63.0
145  5.0E-4 20 2048.65 67.0
145  5.0E-4 25 2087.98 62.0
145  5.0E-4 30 2068.1 64.0
387  0.0015 10 2406.18 72.0
387  0.0015 15 2425.61 69.0
387  0.0015 20 2417.37 70.0
387  0.0015 25 2397.09 75.0
387  0.0015 30 2394.39 74.0
387  0.001 10 2436.44 69.0
387  0.001 15 2436.16 70.0
387  0.001 20 2397.18 73.0
387  0.001 25 2419.45 69.0
387  0.001 30 2402.64 71.0
387  5.0E-4 10 2411.66 69.0
387  5.0E-4 15 2401.27 73.0
387  5.0E-4 20 2429.62 67.0
387  5.0E-4 25 2403.08 69.0
387  5.0E-4 30 2403.77 70.0
265  0.0015 10 2442.54 71.0
265  0.0015 15 2438.41 78.0
265  0.0015 20 2464.76 72.0
265  0.0015 25 2452.0 78.0
265  0.0015 30 2422.17 79.0
265  0.001 10 2444.25 71.0
265  0.001 15 2450.57 71.0
265  0.001 20 2428.82 75.0
265  0.001 25 2451.56 75.0
265  0.001 30 2459.54 75.0
265  5.0E-4 10 2436.08 79.0
265  5.0E-4 15 2446.28 76.0
265  5.0E-4 20 2420.85 81.0
265  5.0E-4 25 2410.6 74.0
265  5.0E-4 30 2465.82 78.0
274  0.0015 10 2127.93 73.0
274  0.0015 15 2149.93 74.0
274  0.0015 20 2120.67 71.0
274  0.0015 25 2128.03 70.0
274  0.0015 30 2123.93 70.0
274  0.001 10 2144.74 72.0
274  0.001 15 2095.91 73.0
274  0.001 20 2104.67 68.0
274  0.001 25 2108.63 76.0
274  0.001 30 2113.98 73.0
274  5.0E-4 10 2087.01 72.0
274  5.0E-4 15 2120.81 70.0
274  5.0E-4 20 2112.42 73.0
274  5.0E-4 25 2119.26 73.0
274  5.0E-4 30 2084.06 80.0
175  0.0015 10 2017.69 68.0
175  0.0015 15 2043.04 68.0
175  0.0015 20 2004.44 69.0
175  0.0015 25 1990.15 69.0
175  0.0015 30 2005.68 70.0
175  0.001 10 1998.31 73.0
175  0.001 15 2038.11 67.0
175  0.001 20 1996.99 69.0
175  0.001 25 2021.57 71.0
175  0.001 30 2006.94 69.0
175  5.0E-4 10 2014.11 67.0
175  5.0E-4 15 1975.53 78.0
175  5.0E-4 20 2004.82 67.0
175  5.0E-4 25 2020.46 67.0
175  5.0E-4 30 2000.4 66.0
130  0.0015 10 2019.9 67.0
130  0.0015 15 2028.83 66.0
130  0.0015 20 2012.8 71.0
130  0.0015 25 2038.96 66.0
130  0.0015 30 2031.99 67.0
130  0.001 10 2037.08 65.0
130  0.001 15 2043.1 68.0
130  0.001 20 2007.88 75.0
130  0.001 25 2018.61 67.0
130  0.001 30 2041.19 67.0
130  5.0E-4 10 2023.23 65.0
130  5.0E-4 15 2032.88 66.0
130  5.0E-4 20 2045.07 70.0
130  5.0E-4 25 2034.81 65.0
130  5.0E-4 30 2005.39 67.0
146  0.0015 10 2328.76 69.0
146  0.0015 15 2298.12 76.0
146  0.0015 20 2296.63 73.0
146  0.0015 25 2279.88 71.0
146  0.0015 30 2307.08 82.0
146  0.001 10 2294.02 76.0
146  0.001 15 2331.83 78.0
146  0.001 20 2297.78 70.0
146  0.001 25 2306.66 72.0
146  0.001 30 2288.84 69.0
146  5.0E-4 10 2284.32 69.0
146  5.0E-4 15 2312.24 67.0
146  5.0E-4 20 2284.65 76.0
146  5.0E-4 25 2298.43 69.0
146  5.0E-4 30 2284.06 72.0









STITER

steps = 15000, lambda = 0.001, k = 20

int stiters[] = {1,5,10,25,50,100,150,500,1000,1500};

Gráfico 2D de los valores según stiter: sitterplot.png

seed stiter value exec_time
127 1 2091.74 657.0
127 5 2072.64 559.0
127 10 2075.56 503.0
127 25 2074.53 300.0
127 50 2088.34 318.0
127 100 2095.48 271.0
127 150 2071.05 293.0
127 500 2084.53 274.0
127 1000 2062.78 331.0
127 1500 2094.21 301.0
151 1 2078.08 110.0
151 5 2117.25 72.0
151 10 2110.15 70.0
151 25 2121.43 80.0
151 50 2098.86 81.0
151 100 2091.92 71.0
151 150 2116.58 69.0
151 500 2109.45 95.0
151 1000 2124.23 105.0
151 1500 2118.67 103.0
324 1 2270.54 102.0
324 5 2262.94 86.0
324 10 2273.58 74.0
324 25 2285.1 71.0
324 50 2273.1 78.0
324 100 2320.36 71.0
324 150 2277.8 71.0
324 500 2284.3 79.0
324 1000 2302.15 68.0
324 1500 2278.4 75.0
263 1 2638.19 77.0
263 5 2667.96 77.0
263 10 2650.04 74.0
263 25 2636.66 73.0
263 50 2669.5 91.0
263 100 2683.06 107.0
263 150 2676.53 89.0
263 500 2656.32 74.0
263 1000 2644.46 75.0
263 1500 2651.53 71.0
57 1 1880.25 67.0
57 5 1859.86 69.0
57 10 1850.65 77.0
57 25 1863.09 71.0
57 50 1843.61 69.0
57 100 1842.05 78.0
57 150 1849.05 72.0
57 500 1861.93 66.0
57 1000 1879.42 68.0
57 1500 1872.77 66.0
381 1 2063.0 73.0
381 5 2038.32 70.0
381 10 2090.11 75.0
381 25 2062.38 72.0
381 50 2054.59 74.0
381 100 2067.88 75.0
381 150 2045.31 72.0
381 500 2070.91 72.0
381 1000 2046.3 70.0
381 1500 2044.1 72.0
118 1 2024.84 69.0
118 5 2012.34 67.0
118 10 2013.83 72.0
118 25 2006.11 77.0
118 50 2013.43 73.0
118 100 2019.64 66.0
118 150 2023.06 66.0
118 500 2009.28 71.0
118 1000 2005.75 69.0
118 1500 2011.21 73.0
371 1 2131.16 73.0
371 5 2135.72 75.0
371 10 2121.25 76.0
371 25 2117.32 76.0
371 50 2159.12 74.0
371 100 2138.68 73.0
371 150 2124.57 79.0
371 500 2133.74 79.0
371 1000 2118.17 78.0
371 1500 2127.99 77.0
222 1 2449.16 74.0
222 5 2492.73 75.0
222 10 2450.2 74.0
222 25 2434.56 74.0
222 50 2480.14 69.0
222 100 2446.96 72.0
222 150 2436.36 79.0
222 500 2448.72 73.0
222 1000 2431.12 72.0
222 1500 2425.6 75.0
314 1 2216.22 73.0
314 5 2236.1 70.0
314 10 2223.26 71.0
314 25 2211.07 74.0
314 50 2195.56 77.0
314 100 2221.95 75.0
314 150 2201.95 74.0
314 500 2219.82 75.0
314 1000 2229.35 71.0
314 1500 2187.56 78.0


STEPS

stiter = 100, lambda = 0.001, k = 20

1-
int steps[] = {100,500,800,1000,1200,1500,1700,2000,2200,2500,2700,3000,3200,3500,3700,4000,4500,5000,6000,7000,8000,9000,10000,12000,15000,20000,25000,50000,75000, 100000}

Gráfico: plotsteps1.png

seed steps value exec_time
261 100 3543.0 25.0
261 500 2915.75 46.0
261 800 2757.31 67.0
261 1000 2688.06 43.0
261 1200 2636.65 70.0
261 1500 2581.91 39.0
261 1700 2456.68 49.0
261 2000 2427.55 49.0
261 2200 2465.35 48.0
261 2500 2355.3 86.0
261 2700 2348.37 77.0
261 3000 2303.81 111.0
261 3200 2298.03 93.0
261 3500 2286.57 150.0
261 3700 2287.56 118.0
261 4000 2275.82 117.0
261 4500 2207.77 136.0
261 5000 2254.39 142.0
261 6000 2256.46 63.0
261 7000 2232.41 36.0
261 8000 2222.87 39.0
261 9000 2196.31 63.0
261 10000 2196.26 58.0
261 12000 2206.9 60.0
261 15000 2184.03 78.0
261 20000 2175.96 104.0
261 25000 2165.74 171.0
261 50000 2146.49 256.0
261 100000 2157.67 595.0
97 100 3655.04 1.0
97 500 3037.11 2.0
97 800 2925.33 3.0
97 1000 2823.88 4.0
97 1200 2754.19 6.0
97 1500 2712.11 6.0
97 1700 2762.1 10.0
97 2000 2618.05 10.0
97 2200 2650.14 10.0
97 2500 2516.1 11.0
97 2700 2483.46 12.0
97 3000 2471.69 13.0
97 3200 2521.54 14.0
97 3500 2462.22 16.0
97 3700 2518.36 16.0
97 4000 2435.0 18.0
97 4500 2445.74 20.0
97 5000 2349.11 25.0
97 6000 2395.44 27.0
97 7000 2419.62 30.0
97 8000 2391.46 41.0
97 9000 2372.7 50.0
97 10000 2386.96 47.0
97 12000 2391.65 56.0
97 15000 2388.11 72.0
97 20000 2370.68 92.0
97 25000 2372.32 121.0
97 50000 2347.68 368.0
97 100000 2356.15 515.0
153 100 3189.93 0.0
153 500 2967.27 2.0
153 800 2951.46 27.0
153 1000 2862.55 21.0
153 1200 2734.42 18.0
153 1500 2712.71 20.0
153 1700 2633.5 30.0
153 2000 2606.34 29.0
153 2200 2572.85 31.0
153 2500 2495.9 37.0
153 2700 2401.01 47.0
153 3000 2468.72 54.0
153 3200 2445.93 47.0
153 3500 2406.79 62.0
153 3700 2392.11 58.0
153 4000 2405.37 75.0
153 4500 2391.87 96.0
153 5000 2383.04 88.0
153 6000 2363.72 111.0
153 7000 2381.49 121.0
153 8000 2363.02 135.0
153 9000 2344.48 177.0
153 10000 2334.39 226.0
153 12000 2339.46 252.0
153 15000 2351.32 296.0
153 20000 2321.25 459.0
153 25000 2314.5 595.0
153 50000 2320.54 1159.0
153 100000 2326.56 852.0
83 100 3539.38 0.0
83 500 2914.27 2.0
83 800 2724.75 4.0
83 1000 2835.42 5.0
83 1200 2653.06 6.0
83 1500 2617.34 7.0
83 1700 2564.33 8.0
83 2000 2513.42 9.0
83 2200 2464.8 10.0
83 2500 2419.87 11.0
83 2700 2405.5 12.0
83 3000 2343.54 14.0
83 3200 2376.29 15.0
83 3500 2343.53 17.0
83 3700 2290.12 18.0
83 4000 2313.27 18.0
83 4500 2306.41 20.0
83 5000 2284.79 22.0
83 6000 2298.62 27.0
83 7000 2283.67 32.0
83 8000 2252.15 38.0
83 9000 2259.56 43.0
83 10000 2267.4 48.0
83 12000 2238.89 61.0
83 15000 2241.83 74.0
83 20000 2220.94 108.0
83 25000 2215.55 131.0
83 50000 2226.32 263.0
83 100000 2216.59 547.0
81 100 3409.48 1.0
81 500 2849.42 2.0
81 800 2701.42 4.0
81 1000 2716.71 4.0
81 1200 2460.29 5.0
81 1500 2341.57 6.0
81 1700 2420.57 7.0
81 2000 2365.52 8.0
81 2200 2312.33 9.0
81 2500 2261.43 14.0
81 2700 2215.05 12.0
81 3000 2229.0 13.0
81 3200 2219.62 14.0
81 3500 2141.41 15.0
81 3700 2221.12 16.0
81 4000 2182.28 17.0
81 4500 2126.37 19.0
81 5000 2167.75 23.0
81 6000 2165.92 30.0
81 7000 2153.1 31.0
81 8000 2094.1 36.0
81 9000 2086.75 47.0
81 10000 2103.34 48.0
81 12000 2093.16 54.0
81 15000 2086.95 70.0
81 20000 2085.49 98.0
81 25000 2057.17 125.0
81 50000 2064.02 250.0
81 100000 2054.31 544.0
66 100 3279.19 1.0
66 500 2920.67 2.0
66 800 2767.56 4.0
66 1000 2734.5 5.0
66 1200 2725.56 6.0
66 1500 2556.69 7.0
66 1700 2613.45 8.0
66 2000 2528.19 9.0
66 2200 2418.01 10.0
66 2500 2498.76 12.0
66 2700 2457.53 13.0
66 3000 2403.21 16.0
66 3200 2424.8 16.0
66 3500 2370.25 17.0
66 3700 2359.21 18.0
66 4000 2416.78 20.0
66 4500 2397.62 20.0
66 5000 2358.87 25.0
66 6000 2353.26 29.0
66 7000 2336.38 33.0
66 8000 2341.23 39.0
66 9000 2302.0 45.0
66 10000 2303.09 50.0
66 12000 2322.59 57.0
66 15000 2299.06 73.0
66 20000 2283.12 102.0
66 25000 2272.75 139.0
66 50000 2287.92 264.0
66 100000 2263.19 558.0
14 100 3708.47 1.0
14 500 3021.5 2.0
14 800 2831.51 3.0
14 1000 2730.44 5.0
14 1200 2649.77 6.0
14 1500 2653.93 6.0
14 1700 2557.7 8.0
14 2000 2482.93 9.0
14 2200 2421.55 10.0
14 2500 2403.23 11.0
14 2700 2404.78 12.0
14 3000 2331.19 13.0
14 3200 2338.56 14.0
14 3500 2293.44 15.0
14 3700 2286.69 17.0
14 4000 2297.52 18.0
14 4500 2258.1 20.0
14 5000 2251.59 22.0
14 6000 2248.89 26.0
14 7000 2243.81 35.0
14 8000 2213.53 38.0
14 9000 2212.92 43.0
14 10000 2233.52 49.0
14 12000 2207.04 57.0
14 15000 2193.36 74.0
14 20000 2178.06 100.0
14 25000 2193.55 120.0
14 50000 2185.14 250.0
14 100000 2173.78 530.0
269 100 3419.63 0.0
269 500 2993.85 2.0
269 800 2802.96 3.0
269 1000 2592.53 5.0
269 1200 2590.14 6.0
269 1500 2489.66 6.0
269 1700 2417.66 7.0
269 2000 2302.35 9.0
269 2200 2322.78 9.0
269 2500 2255.14 11.0
269 2700 2252.05 11.0
269 3000 2240.99 12.0
269 3200 2165.95 13.0
269 3500 2219.49 16.0
269 3700 2178.02 16.0
269 4000 2194.57 17.0
269 4500 2169.46 21.0
269 5000 2163.8 22.0
269 6000 2158.54 26.0
269 7000 2121.91 32.0
269 8000 2139.89 37.0
269 9000 2113.82 45.0
269 10000 2088.58 50.0
269 12000 2128.07 55.0
269 15000 2079.51 70.0
269 20000 2082.34 92.0
269 25000 2101.54 116.0
269 50000 2071.18 267.0
269 100000 2061.73 508.0
211 100 3597.91 0.0
211 500 2907.64 2.0
211 800 2740.46 3.0
211 1000 2775.78 4.0
211 1200 2700.03 5.0
211 1500 2599.03 6.0
211 1700 2543.36 7.0
211 2000 2411.3 9.0
211 2200 2444.1 10.0
211 2500 2424.31 11.0
211 2700 2369.01 14.0
211 3000 2334.22 13.0
211 3200 2303.0 13.0
211 3500 2310.91 15.0
211 3700 2308.48 16.0
211 4000 2289.91 18.0
211 4500 2237.26 19.0
211 5000 2268.62 25.0
211 6000 2213.96 28.0
211 7000 2225.99 31.0
211 8000 2235.68 37.0
211 9000 2173.09 44.0
211 10000 2164.59 49.0
211 12000 2173.59 57.0
211 15000 2141.59 72.0
211 20000 2173.22 97.0
211 25000 2144.98 127.0
211 50000 2147.8 239.0
211 100000 2145.01 505.0
19 100 4116.78 0.0
19 500 3106.4 2.0
19 800 2859.14 3.0
19 1000 2879.41 4.0
19 1200 2753.02 5.0
19 1500 2681.32 6.0
19 1700 2576.61 6.0
19 2000 2584.53 8.0
19 2200 2611.77 9.0
19 2500 2514.7 10.0
19 2700 2461.38 11.0
19 3000 2429.89 13.0
19 3200 2421.25 13.0
19 3500 2446.26 14.0
19 3700 2439.04 14.0
19 4000 2365.25 17.0
19 4500 2407.94 19.0
19 5000 2392.87 21.0
19 6000 2340.99 24.0
19 7000 2345.31 32.0
19 8000 2345.96 39.0
19 9000 2358.85 37.0
19 10000 2300.18 42.0
19 12000 2285.99 55.0
19 15000 2326.63 66.0
19 20000 2265.55 91.0
19 25000 2273.7 129.0
19 50000 2288.96 253.0
19 100000 2277.73 513.0

2-
int steps[] = {100,500,800,1000,1200,1500,1700,2000,2200,2500,2700,3000,3200,3500,3700,4000,4500,5000,6000,7000,8000,9000,10000,12000,15000,20000,25000,50000,75000, 100000,125000,150000,175000,200000,400000,600000,800000,1000000,1500000};

Gráficos: plotsteps2_1.png, plotsteps2_2.png

seed steps value exec_time
205 100 3711.41 24.0
205 500 2916.77 39.0
205 800 2968.08 63.0
205 1000 2875.2 38.0
205 1200 2842.77 35.0
205 1500 2818.92 38.0
205 1700 2796.31 73.0
205 2000 2616.18 48.0
205 2200 2572.93 59.0
205 2500 2598.68 62.0
205 2700 2515.79 58.0
205 3000 2499.65 90.0
205 3200 2491.31 91.0
205 3500 2482.03 93.0
205 3700 2447.96 140.0
205 4000 2448.61 121.0
205 4500 2421.87 149.0
205 5000 2435.12 196.0
205 6000 2389.13 124.0
205 7000 2385.32 156.0
205 8000 2378.19 148.0
205 9000 2361.93 200.0
205 10000 2372.78 209.0
205 12000 2336.45 270.0
205 15000 2331.23 265.0
205 20000 2335.96 112.0
205 25000 2334.99 177.0
205 50000 2327.11 255.0
205 75000 2319.75 429.0
205 100000 2325.67 551.0
205 125000 2309.56 720.0
205 150000 2322.55 818.0
205 175000 2317.59 953.0
205 200000 2319.39 1082.0
205 400000 2325.48 2377.0
205 600000 2318.15 3595.0
205 800000 2313.86 4665.0
205 1000000 2315.16 4286.0
205 1500000 2317.15 4839.0
224 100 3354.04 1.0
224 500 2853.06 2.0
224 800 2737.49 3.0
224 1000 2584.82 4.0
224 1200 2543.16 5.0
224 1500 2376.84 7.0
224 1700 2416.62 7.0
224 2000 2373.09 9.0
224 2200 2359.05 10.0
224 2500 2271.2 12.0
224 2700 2276.23 12.0
224 3000 2260.66 13.0
224 3200 2193.78 15.0
224 3500 2224.09 19.0
224 3700 2247.55 19.0
224 4000 2228.24 18.0
224 4500 2190.61 21.0
224 5000 2172.85 22.0
224 6000 2131.85 28.0
224 7000 2111.47 33.0
224 8000 2133.35 37.0
224 9000 2140.18 42.0
224 10000 2128.72 44.0
224 12000 2128.24 54.0
224 15000 2137.34 74.0
224 20000 2122.3 101.0
224 25000 2098.88 128.0
224 50000 2105.25 277.0
224 75000 2094.82 386.0
224 100000 2089.74 562.0
224 125000 2099.06 689.0
224 150000 2091.25 860.0
224 175000 2104.51 924.0
224 200000 2075.82 1130.0
224 400000 2097.53 2283.0
224 600000 2097.54 3459.0
224 800000 2093.12 4511.0
224 1000000 2090.28 4730.0
224 1500000 2096.12 4787.0
287 100 3775.32 1.0
287 500 3126.3 2.0
287 800 2906.67 4.0
287 1000 2912.28 4.0
287 1200 2733.89 5.0
287 1500 2633.74 6.0
287 1700 2599.85 8.0
287 2000 2529.38 8.0
287 2200 2579.81 9.0
287 2500 2482.69 12.0
287 2700 2464.96 13.0
287 3000 2452.79 13.0
287 3200 2428.01 14.0
287 3500 2389.66 15.0
287 3700 2389.89 16.0
287 4000 2364.38 18.0
287 4500 2384.12 20.0
287 5000 2367.67 22.0
287 6000 2340.75 36.0
287 7000 2359.14 32.0
287 8000 2344.11 38.0
287 9000 2338.86 42.0
287 10000 2313.17 47.0
287 12000 2312.46 62.0
287 15000 2289.12 75.0
287 20000 2280.97 105.0
287 25000 2277.41 129.0
287 50000 2270.59 264.0
287 75000 2281.86 406.0
287 100000 2265.12 607.0
287 125000 2267.12 742.0
287 150000 2263.87 872.0
287 175000 2277.57 979.0
287 200000 2267.89 1137.0
287 400000 2267.57 2349.0
287 600000 2259.16 3565.0
287 800000 2262.02 4793.0
287 1000000 2265.36 4719.0
287 1500000 2256.32 4994.0
99 100 3251.59 1.0
99 500 2814.37 2.0
99 800 2626.18 3.0
99 1000 2556.16 4.0
99 1200 2619.77 6.0
99 1500 2485.0 6.0
99 1700 2333.78 7.0
99 2000 2272.77 9.0
99 2200 2232.52 10.0
99 2500 2228.0 11.0
99 2700 2179.81 11.0
99 3000 2163.4 13.0
99 3200 2144.6 12.0
99 3500 2106.09 14.0
99 3700 2124.72 15.0
99 4000 2111.26 21.0
99 4500 2100.39 20.0
99 5000 2078.32 22.0
99 6000 2120.35 26.0
99 7000 2075.19 31.0
99 8000 2065.23 36.0
99 9000 2060.54 38.0
99 10000 2015.36 45.0
99 12000 2052.18 58.0
99 15000 2027.71 70.0
99 20000 2008.05 94.0
99 25000 2028.58 111.0
99 50000 2005.15 243.0
99 75000 2001.19 362.0
99 100000 2013.08 494.0
99 125000 1994.53 626.0
99 150000 1999.38 754.0
99 175000 2017.02 862.0
99 200000 1987.69 1008.0
99 400000 2000.26 2153.0
99 600000 2007.43 3125.0
99 800000 1985.03 4558.0
99 1000000 1991.54 4136.0
99 1500000 1992.05 4566.0
291 100 3233.63 1.0
291 500 3037.15 2.0
291 800 3036.23 4.0
291 1000 2906.09 5.0
291 1200 2998.37 5.0
291 1500 2905.99 6.0
291 1700 2749.99 8.0
291 2000 2738.07 9.0
291 2200 2656.92 10.0
291 2500 2640.5 12.0
291 2700 2591.28 12.0
291 3000 2628.91 22.0
291 3200 2593.25 15.0
291 3500 2562.32 16.0
291 3700 2518.31 17.0
291 4000 2531.16 19.0
291 4500 2485.19 23.0
291 5000 2510.6 24.0
291 6000 2511.77 30.0
291 7000 2490.54 33.0
291 8000 2474.32 38.0
291 9000 2472.76 43.0
291 10000 2484.54 55.0
291 12000 2467.53 65.0
291 15000 2488.37 73.0
291 20000 2448.6 99.0
291 25000 2452.91 127.0
291 50000 2472.33 263.0
291 75000 2437.33 391.0
291 100000 2440.17 523.0
291 125000 2432.27 650.0
291 150000 2451.16 779.0
291 175000 2430.0 946.0
291 200000 2459.26 1052.0
291 400000 2468.34 2149.0
291 600000 2447.98 3386.0
291 800000 2457.11 4154.0
291 1000000 2444.41 4490.0
291 1500000 2451.17 4093.0
323 100 3361.79 1.0
323 500 2815.61 2.0
323 800 2566.19 3.0
323 1000 2437.04 4.0
323 1200 2466.92 5.0
323 1500 2449.96 6.0
323 1700 2406.01 7.0
323 2000 2288.73 8.0
323 2200 2238.55 9.0
323 2500 2242.36 11.0
323 2700 2191.16 12.0
323 3000 2160.16 13.0
323 3200 2162.78 22.0
323 3500 2126.63 16.0
323 3700 2122.06 16.0
323 4000 2120.96 17.0
323 4500 2111.06 19.0
323 5000 2067.73 21.0
323 6000 2034.19 33.0
323 7000 2058.28 30.0
323 8000 2038.61 34.0
323 9000 2073.06 36.0
323 10000 2014.01 42.0
323 12000 2031.48 56.0
323 15000 2026.46 67.0
323 20000 2010.08 90.0
323 25000 2002.25 117.0
323 50000 1999.14 253.0
323 75000 1992.38 368.0
323 100000 1983.17 516.0
323 125000 2000.4 634.0
323 150000 2012.03 759.0
323 175000 1994.03 890.0
323 200000 1971.9 1061.0
323 400000 1994.68 2103.0
323 600000 1988.73 3347.0
323 800000 1972.35 4318.0
323 1000000 1992.25 4082.0
323 1500000 2008.83 4201.0
91 100 3206.36 1.0
91 500 2670.34 2.0
91 800 2549.77 3.0
91 1000 2519.72 4.0
91 1200 2421.65 4.0
91 1500 2296.97 6.0
91 1700 2351.21 7.0
91 2000 2210.2 9.0
91 2200 2140.73 9.0
91 2500 2084.44 10.0
91 2700 2093.99 11.0
91 3000 2072.87 12.0
91 3200 2085.58 13.0
91 3500 2040.34 15.0
91 3700 2091.0 16.0
91 4000 2021.7 17.0
91 4500 2031.82 19.0
91 5000 2027.55 21.0
91 6000 1985.55 29.0
91 7000 1988.74 29.0
91 8000 1995.01 39.0
91 9000 1956.03 43.0
91 10000 1964.14 46.0
91 12000 1960.24 56.0
91 15000 1952.59 71.0
91 20000 1926.26 96.0
91 25000 1925.43 121.0
91 50000 1907.61 244.0
91 75000 1908.02 362.0
91 100000 1911.22 512.0
91 125000 1909.24 630.0
91 150000 1903.71 752.0
91 175000 1901.52 921.0
91 200000 1910.25 1052.0
91 400000 1909.28 2175.0
91 600000 1908.17 3398.0
91 800000 1903.37 4520.0
91 1000000 1910.09 4171.0
91 1500000 1903.72 4055.0
113 100 3516.06 0.0
113 500 2771.58 2.0
113 800 2624.11 3.0
113 1000 2525.83 4.0
113 1200 2413.33 4.0
113 1500 2335.3 7.0
113 1700 2241.44 7.0
113 2000 2224.54 8.0
113 2200 2230.63 9.0
113 2500 2161.62 10.0
113 2700 2219.88 13.0
113 3000 2122.74 13.0
113 3200 2111.35 14.0
113 3500 2121.82 15.0
113 3700 2108.66 15.0
113 4000 2042.84 16.0
113 4500 2080.91 21.0
113 5000 2042.17 20.0
113 6000 2043.68 24.0
113 7000 2081.59 29.0
113 8000 2026.44 35.0
113 9000 2016.95 38.0
113 10000 2041.36 41.0
113 12000 1990.99 53.0
113 15000 1992.24 66.0
113 20000 2013.9 92.0
113 25000 1992.96 121.0
113 50000 2008.08 247.0
113 75000 1975.3 350.0
113 100000 1983.13 461.0
113 125000 1962.4 630.0
113 150000 1975.74 717.0
113 175000 1974.92 874.0
113 200000 1985.62 999.0
113 400000 1983.5 2106.0
113 600000 1968.88 3334.0
113 800000 1979.85 4097.0
113 1000000 1956.02 4155.0
113 1500000 1961.67 4422.0
131 100 3385.51 0.0
131 500 2921.07 3.0
131 800 2786.3 3.0
131 1000 2662.88 4.0
131 1200 2534.8 5.0
131 1500 2499.0 6.0
131 1700 2461.86 7.0
131 2000 2461.32 9.0
131 2200 2391.36 9.0
131 2500 2436.44 10.0
131 2700 2372.67 11.0
131 3000 2298.69 12.0
131 3200 2320.79 14.0
131 3500 2307.22 16.0
131 3700 2295.2 16.0
131 4000 2256.22 17.0
131 4500 2275.73 20.0
131 5000 2235.76 21.0
131 6000 2230.77 26.0
131 7000 2191.22 33.0
131 8000 2187.61 37.0
131 9000 2229.75 43.0
131 10000 2206.95 46.0
131 12000 2216.24 53.0
131 15000 2205.09 80.0
131 20000 2179.26 95.0
131 25000 2169.36 120.0
131 50000 2184.11 247.0
131 75000 2151.96 387.0
131 100000 2156.55 524.0
131 125000 2194.72 637.0
131 150000 2190.59 781.0
131 175000 2181.9 902.0
131 200000 2172.37 1050.0
131 400000 2171.56 2161.0
131 600000 2180.43 3293.0
131 800000 2161.14 4148.0
131 1000000 2171.93 4380.0
131 1500000 2182.44 3991.0
234 100 3501.98 0.0
234 500 3072.43 2.0
234 800 2763.68 4.0
234 1000 2675.88 5.0
234 1200 2591.51 6.0
234 1500 2495.22 6.0
234 1700 2503.22 7.0
234 2000 2380.49 9.0
234 2200 2350.65 9.0
234 2500 2353.76 10.0
234 2700 2314.28 11.0
234 3000 2282.23 12.0
234 3200 2278.72 13.0
234 3500 2264.71 14.0
234 3700 2291.29 21.0
234 4000 2235.12 18.0
234 4500 2226.47 20.0
234 5000 2190.43 23.0
234 6000 2198.27 27.0
234 7000 2190.11 32.0
234 8000 2197.98 39.0
234 9000 2193.26 41.0
234 10000 2189.46 42.0
234 12000 2164.96 52.0
234 15000 2172.5 70.0
234 20000 2156.51 100.0
234 25000 2162.3 115.0
234 50000 2187.57 236.0
234 75000 2159.3 393.0
234 100000 2146.94 518.0
234 125000 2148.23 659.0
234 150000 2144.88 789.0
234 175000 2159.04 926.0
234 200000 2154.45 1043.0
234 400000 2139.98 2224.0
234 600000 2158.49 3212.0
234 800000 2148.97 4409.0
234 1000000 2147.65 4037.0
234 1500000 2144.76 3976.0

CONCLUSIÓN:

Escogemos steps = 75000, stiter = 100, k = 20, lambda = 0.001. Ver explicacion en exp3Explicacion.txt