h1 + h2

seeds time1 time2 exec1 exec2
198 3026.16 2533.75 10960 894
344 3507.0899999999997 3001.12 7968 1100
335 3364.9500000000003 2806.35 7465 816
75 3390.58 2738.0 8389 262
161 2862.9700000000003 2451.56 8315 255
394 2968.66 2520.55 7468 251
142 2858.48 2367.98 7948 248
276 3181.15 2682.93 7553 252
209 3033.64 2558.01 7468 249
168 3019.76 2606.25 7102 255

h1 + h2*2

seeds time1 time2 exec1 exec2
124 3689.68 2719.36 12038 933
262 3550.23 2742.77 8316 871
299 3399.66 2605.05 8288 969
190 2834.3300000000004 2097.14 8745 730
188 5014.5599999999995 3333.37 8081 1163
28 3512.57 2555.37 7741 951
302 3293.79 2518.42 8612 262
227 3458.72 2654.37 7714 263
86 3748.8199999999997 2857.29 8032 892
181 3444.0699999999997 2608.63 8260 807

h1 + h2 * 2^2

seeds time1 time2 exec1 exec2
311 4016.8999999999996 2542.1 11630 959
307 4364.1900000000005 2505.31 8709 985
5 4071.73 2593.18 8312 830
315 4057.79 2501.95 8104 285
368 4058.3100000000004 2680.26 8696 256
235 3830.35 2330.13 8410 244
71 4002.94 2689.48 8696 276
350 4149.81 2787.01 8612 268
296 4527.22 2801.94 7295 269
83 4115.93 2607.04 8020 264

^3

seeds time1 time2 exec1 exec2
204 5906.59 2638.18 13200 1035
236 6428.61 2458.04 9535 981
385 5758.82 2622.57 9432 934
239 6526.549999999999 2908.96 7769 1009
37 6034.6900000000005 2761.83 9570 1037
112 5813.49 2705.68 9262 846
41 5583.68 2595.56 9321 260
355 5606.07 2790.47 9744 290
266 5715.93 2956.27 9229 259
134 5519.84 2665.65 10503 257

^4 (multiple, as the data seemed a bit weird to me)

seeds time1 time2 exec1 exec2
384 7669.71 2479.52 11083 783
102 6403.120000000001 2100.31 9391 779
252 8589.33 2435.96 9195 806
303 8754.65 2778.3 8353 947
162 8263.44 2750.3 8101 925
272 9107.029999999999 2570.11 9197 780
391 6534.28 2294.63 9488 238
159 8316.99 2619.67 8856 253
21 7542.37 2315.46 8249 237
149 7685.15 2526.46 8345 247

seeds time1 time2 exec1 exec2
237 8049.46 2495.98 13176 922
71 7652.0199999999995 2726.07 10037 956
374 8270.23 2530.92 8453 259
332 8562.130000000001 2487.49 9908 276
389 8619.91 2591.36 9059 270
377 8895.24 2617.36 8999 254
299 8537.61 2661.82 9372 264
314 7836.08 2545.67 9033 268
231 8696.94 2683.12 10067 262
64 8607.98 2800.66 8757 267

seeds time1 time2 exec1 exec2
124 9176.26 2813.87 12721 849
331 6726.7 2383.89 8574 792
149 7685.15 2469.79 8431 941
67 8432.69 2560.4 9517 264
209 9199.630000000001 2633.57 9001 248
320 7899.700000000001 2303.69 9415 243
150 6520.860000000001 2313.84 9388 239
290 8666.88 2967.99 8846 247
73 8704.22 2826.56 8074 245
323 8728.82 2582.59 9345 244

seeds time1 time2 exec1 exec2
131 7569.4400000000005 2637.36 13133 793
172 7525.110000000001 2589.66 9193 969
73 8704.22 2758.6 8755 915
366 7860.16 2435.75 9870 979
225 7830.54 2386.54 10072 247
242 9119.63 2728.73 9275 255
272 9107.029999999999 2641.2 10067 256
221 9293.84 2671.6 9558 273
191 7866.049999999999 2801.46 9362 258
273 6946.3 2318.26 8335 268