seed lambda k value exec_time
188  1.0 1 4102.796666666666 54.0
188  1.0 5 4067.8700000000003 23.0
188  1.0 25 4073.593333333333 24.0
188  1.0 125 4093.1966666666667 18.0
188  0.01 1 3170.0766666666664 409.0
188  0.01 5 3145.976666666667 108.0
188  0.01 25 3151.5699999999997 108.0
188  0.01 125 3172.066666666667 94.0
188  1.0E-4 1 3169.853333333333 124.0
188  1.0E-4 5 3132.3333333333335 89.0
188  1.0E-4 25 3250.4066666666663 101.0
188  1.0E-4 125 3783.843333333333 88.0
207  1.0 1 3592.2233333333334 4.0
207  1.0 5 3627.866666666667 4.0
207  1.0 25 3651.816666666667 3.0
207  1.0 125 3614.023333333333 3.0
207  0.01 1 2375.2033333333334 111.0
207  0.01 5 2402.403333333333 88.0
207  0.01 25 2393.056666666667 89.0
207  0.01 125 2369.27 89.0
207  1.0E-4 1 2365.6366666666668 84.0
207  1.0E-4 5 2366.156666666667 85.0
207  1.0E-4 25 2489.16 85.0
207  1.0E-4 125 3134.8466666666664 90.0
16  1.0 1 3472.17 3.0
16  1.0 5 3490.693333333333 3.0
16  1.0 25 3447.06 3.0
16  1.0 125 3483.736666666666 3.0
16  0.01 1 2685.2999999999997 88.0
16  0.01 5 2676.16 90.0
16  0.01 25 2691.92 88.0
16  0.01 125 2702.6233333333334 89.0
16  1.0E-4 1 2671.013333333333 84.0
16  1.0E-4 5 2663.726666666667 89.0
16  1.0E-4 25 2805.7933333333335 87.0
16  1.0E-4 125 3352.0399999999995 91.0
123  1.0 1 3730.8366666666666 3.0
123  1.0 5 3662.6866666666665 3.0
123  1.0 25 3656.4466666666667 3.0
123  1.0 125 3627.306666666667 3.0
123  0.01 1 2519.9199999999996 88.0
123  0.01 5 2497.26 90.0
123  0.01 25 2495.0933333333332 89.0
123  0.01 125 2529.84 88.0
123  1.0E-4 1 2485.653333333333 83.0
123  1.0E-4 5 2473.736666666667 87.0
123  1.0E-4 25 2617.7333333333336 85.0
123  1.0E-4 125 3255.9266666666667 92.0
385  1.0 1 3612.4566666666665 3.0
385  1.0 5 3616.9733333333334 3.0
385  1.0 25 3659.15 3.0
385  1.0 125 3645.873333333333 3.0
385  0.01 1 2515.893333333333 89.0
385  0.01 5 2503.2566666666667 88.0
385  0.01 25 2523.273333333333 87.0
385  0.01 125 2494.6866666666665 89.0
385  1.0E-4 1 2480.906666666667 83.0
385  1.0E-4 5 2485.47 85.0
385  1.0E-4 25 2614.9 85.0
385  1.0E-4 125 3226.9366666666665 94.0
239  1.0 1 3738.763333333334 3.0
239  1.0 5 3815.2833333333333 4.0
239  1.0 25 3792.75 3.0
239  1.0 125 3775.75 3.0
239  0.01 1 2869.2766666666666 94.0
239  0.01 5 2887.76 92.0
239  0.01 25 2874.4900000000002 92.0
239  0.01 125 2864.3033333333333 94.0
239  1.0E-4 1 2863.18 92.0
239  1.0E-4 5 2853.273333333333 90.0
239  1.0E-4 25 2994.1966666666667 91.0
239  1.0E-4 125 3491.153333333333 106.0
243  1.0 1 3343.603333333334 3.0
243  1.0 5 3302.35 3.0
243  1.0 25 3318.5533333333333 3.0
243  1.0 125 3377.1566666666663 3.0
243  0.01 1 2296.83 89.0
243  0.01 5 2304.78 87.0
243  0.01 25 2289.1733333333336 87.0
243  0.01 125 2308.63 85.0
243  1.0E-4 1 2288.9900000000002 83.0
243  1.0E-4 5 2254.1433333333334 84.0
243  1.0E-4 25 2400.3233333333333 86.0
243  1.0E-4 125 2996.0733333333333 85.0
225  1.0 1 3350.28 3.0
225  1.0 5 3506.4266666666667 3.0
225  1.0 25 3410.763333333333 3.0
225  1.0 125 3552.383333333333 3.0
225  0.01 1 2260.183333333333 88.0
225  0.01 5 2282.2099999999996 88.0
225  0.01 25 2293.71 95.0
225  0.01 125 2251.3399999999997 86.0
225  1.0E-4 1 2243.2333333333336 83.0
225  1.0E-4 5 2236.883333333333 83.0
225  1.0E-4 25 2368.9333333333334 87.0
225  1.0E-4 125 2978.3133333333335 84.0
133  1.0 1 3780.013333333334 3.0
133  1.0 5 3788.8633333333332 3.0
133  1.0 25 3661.873333333333 3.0
133  1.0 125 3784.81 3.0
133  0.01 1 2891.8833333333337 91.0
133  0.01 5 2859.9500000000003 93.0
133  0.01 25 2851.48 93.0
133  0.01 125 2850.6800000000003 92.0
133  1.0E-4 1 2870.226666666667 88.0
133  1.0E-4 5 2836.89 88.0
133  1.0E-4 25 2948.6766666666667 93.0
133  1.0E-4 125 3474.9133333333334 91.0
193  1.0 1 3272.3866666666668 3.0
193  1.0 5 3313.8799999999997 3.0
193  1.0 25 3351.396666666667 4.0
193  1.0 125 3273.84 3.0
193  0.01 1 2546.42 86.0
193  0.01 5 2549.693333333333 85.0
193  0.01 25 2538.6866666666665 88.0
193  0.01 125 2534.34 89.0
193  1.0E-4 1 2531.483333333333 82.0
193  1.0E-4 5 2523.0133333333333 84.0
193  1.0E-4 25 2664.8133333333335 83.0
193  1.0E-4 125 3141.6366666666668 98.0