seed lambda k value exec_time
69  1.0 1 33893.46 454.0
69  1.0 5 33984.86 333.0
69  1.0 25 34344.52 324.0
69  1.0 125 33962.9 288.0
69  0.01 1 14847.93 5153.0
69  0.01 5 14799.84 1988.0
69  0.01 25 14930.87 2038.0
69  0.01 125 15058.36 2316.0
69  1.0E-4 1 13871.84 11080.0
69  1.0E-4 5 13835.66 12084.0
69  1.0E-4 25 13821.03 12647.0
69  1.0E-4 125 13820.8 13756.0
267  1.0 1 34298.07 204.0
267  1.0 5 33906.48 200.0
267  1.0 25 34220.58 204.0
267  1.0 125 34145.55 200.0
267  0.01 1 14415.01 2359.0
267  0.01 5 14435.38 2142.0
267  0.01 25 14362.36 2348.0
267  0.01 125 14438.16 2096.0
267  1.0E-4 1 13303.04 13128.0
267  1.0E-4 5 13318.07 12481.0
267  1.0E-4 25 13311.28 11993.0
267  1.0E-4 125 13275.88 12787.0
240  1.0 1 36956.87 168.0
240  1.0 5 37259.6 188.0
240  1.0 25 36825.95 168.0
240  1.0 125 37188.52 166.0
240  0.01 1 14652.08 1813.0
240  0.01 5 14795.56 1848.0
240  0.01 25 14765.95 1889.0
240  0.01 125 14758.08 1886.0
240  1.0E-4 1 13774.33 10697.0
240  1.0E-4 5 13733.23 11474.0
240  1.0E-4 25 13745.84 12498.0
240  1.0E-4 125 13698.83 13363.0
250  1.0 1 32170.63 187.0
250  1.0 5 31576.1 166.0
250  1.0 25 31389.8 165.0
250  1.0 125 31795.3 165.0
250  0.01 1 14984.09 1759.0
250  0.01 5 14787.87 1814.0
250  0.01 25 14830.69 1799.0
250  0.01 125 14892.63 1744.0
250  1.0E-4 1 13694.29 10648.0
250  1.0E-4 5 13685.64 11593.0
250  1.0E-4 25 13706.81 11127.0
250  1.0E-4 125 13657.38 12457.0
21  1.0 1 32768.49 165.0
21  1.0 5 32879.77 166.0
21  1.0 25 32757.52 167.0
21  1.0 125 31930.66 167.0
21  0.01 1 14847.38 1815.0
21  0.01 5 14876.81 1806.0
21  0.01 25 15036.64 1784.0
21  0.01 125 14953.82 1727.0
21  1.0E-4 1 13780.81 10737.0
21  1.0E-4 5 13797.67 10893.0
21  1.0E-4 25 13794.97 12884.0
21  1.0E-4 125 13779.68 13662.0